# Cutting, Escartin, Hindmarsh & Weir 2020 (arXiv:2005.13537), Fig. 10(d), t/R*=4.0, gamma_*=4, lambda_bar=0.069, N_b=512.
# Extracted from the PDF vector path (page 14), axes calibrated on the major tick marks (exact log axes).
# Columns: kR_*, [H_* R_* Omega_vac]^-2 dOmega_gw/dln k. Points outside the plotted y range (1e-6..1e-2) removed.
1.112459571534267999e+00,3.328366598264265088e-03
1.884897683183644590e+00,2.259470268649622915e-03
2.680995690739822024e+00,3.839496512557289982e-03
3.479588095377762258e+00,3.032928457710457916e-03
4.293895842224093151e+00,3.628099723886422240e-03
5.059877623636800159e+00,2.789057957058265706e-03
5.845917156827332484e+00,2.723488836982249171e-03
6.643171965787932010e+00,2.303488967772077123e-03
7.436771846513456907e+00,2.008035564497028577e-03
8.225195791723962202e+00,1.673840720133794183e-03
8.999369008692520211e+00,1.457127610859601952e-03
9.784862067123832219e+00,1.309523838877600134e-03
1.058804845594684529e+01,1.189531801483539441e-03
1.137112492332995295e+01,9.639333306556255353e-04
1.215104458844436763e+01,8.990550263298025457e-04
1.293958625894130776e+01,7.597714702278308627e-04
1.372523867627419492e+01,7.195035809182510293e-04
1.451137450979511634e+01,6.152163217358883919e-04
1.529844400502119406e+01,5.639506865270100654e-04
1.608527816450959236e+01,5.036499628706097437e-04
1.686996515857201118e+01,4.579960013151754099e-04
1.844008459476138029e+01,3.872309448907142464e-04
1.922341893925026568e+01,3.376714399159872100e-04
2.000830743856597138e+01,3.276146473609671300e-04
2.079998436773187720e+01,2.973499367527780777e-04
2.159002505359903168e+01,2.808243825564512458e-04
2.237218201798233252e+01,2.455020651126491949e-04
2.315452129233425538e+01,2.439457485224840903e-04
2.393518976896477568e+01,2.165981396165679292e-04
2.472373388485915413e+01,2.115581484413184916e-04
2.551181142629299003e+01,1.895449034279546655e-04
2.630047003452272847e+01,1.859355157801696875e-04
2.787608409657907060e+01,1.615264603373195852e-04
2.944016814750150246e+01,1.476777712019772270e-04
3.022465559001959789e+01,1.407912738954910867e-04
3.101088847487749334e+01,1.369927318225095259e-04
3.179380481281152981e+01,1.296743706027819482e-04
3.257932899931716264e+01,1.277807418025574766e-04
3.336586398728795189e+01,1.226457950858246277e-04
3.415572095658566099e+01,1.211005268889711627e-04
3.494452258701064551e+01,1.165996044037777854e-04
3.573001887084891592e+01,1.151657032997327414e-04
3.651134827876175848e+01,1.111623415366008169e-04
3.729329135208698176e+01,1.120715279208762087e-04
3.807998442307444975e+01,1.091587890945875381e-04
3.886616578266635003e+01,1.096634883474300232e-04
3.965228920813815705e+01,1.079553747276735523e-04
4.044001163124224263e+01,1.103014952825633613e-04
4.122733820766168122e+01,1.083177386811535033e-04
4.201494012473456507e+01,1.095875339172152420e-04
4.279643772879010299e+01,1.085659961494718446e-04
4.358116523022669497e+01,1.124340822061431391e-04
4.436781197454211423e+01,1.124177924361010499e-04
4.514913428343914603e+01,1.142455600241085769e-04
4.593485271473322484e+01,1.176378361170783498e-04
4.672082509542606488e+01,1.177261930601142454e-04
4.750836100295005338e+01,1.208271081128526686e-04
4.829447958068459457e+01,1.223186077932299741e-04
4.907693236792580649e+01,1.252187722250758966e-04
4.986597926267267411e+01,1.312726607954820934e-04
5.065112964239213511e+01,1.299198839702400113e-04
5.143672798841896565e+01,1.371498120059875528e-04
5.222322091019559309e+01,1.364139962495754537e-04
5.300585979979587847e+01,1.425359717113087511e-04
5.536378696636279528e+01,1.515217008476266256e-04
5.614579136033093221e+01,1.564595802394782242e-04
5.693066587988113980e+01,1.600996171698478607e-04
5.772080818632156962e+01,1.673233398329316353e-04
5.850845482932980701e+01,1.673550804932712275e-04
5.929421397596088639e+01,1.740470952097309234e-04
6.008013507327598290e+01,1.762558996881881249e-04
6.086312736006313173e+01,1.818785676970974296e-04
6.478942525338759140e+01,2.035820077941237754e-04
6.557645734269620164e+01,2.059029289002071821e-04
6.635972857568171435e+01,2.091993831944865320e-04
6.714499424017313345e+01,2.150697539725901692e-04
6.793556619843548106e+01,2.196551647204702249e-04
6.872122649505470804e+01,2.216104448122648625e-04
6.949965976983574478e+01,2.247938727825483419e-04
7.028593395286343082e+01,2.332345799940672287e-04
7.107572590444475225e+01,2.343259109818722301e-04
7.264478515734539599e+01,2.410397509632403168e-04
7.343023763123247249e+01,2.454878368788467827e-04
7.578383908684727999e+01,2.530242478697388082e-04
7.656870234707895406e+01,2.598237306324635565e-04
7.735966351728572477e+01,2.628536843188505672e-04
7.814503908776184460e+01,2.620578606202526363e-04
7.971295533236720132e+01,2.698860264924619217e-04
8.049885166074466269e+01,2.716471929835297333e-04
8.285496423947697053e+01,2.804872314643713240e-04
8.364057920827616499e+01,2.820893399089909439e-04
8.442660362496008020e+01,2.859117233181307266e-04
8.521080453209440009e+01,2.842377316728848867e-04
8.599538470115226119e+01,2.903429682569875201e-04
8.678115900837298113e+01,2.894585792313141503e-04
8.756654140033980127e+01,2.943710107883546704e-04
8.835207399446440490e+01,2.940199196463777866e-04
8.913818440146944511e+01,2.976971615802315955e-04
9.149605707785381981e+01,3.004990963480236050e-04
9.228178187508420649e+01,3.044201286652566877e-04
9.306735628689182249e+01,3.032427109656551175e-04
9.384976390791709377e+01,3.039080997615700220e-04
9.463494996208088139e+01,3.065390609174319472e-04
9.699494276202088372e+01,3.097651382595252882e-04
9.777971641438722372e+01,3.103058365969843199e-04
9.856703472373537522e+01,3.132066411111252436e-04
9.935010732454139770e+01,3.087776595124153709e-04
1.001325981081716492e+02,3.136533488692528769e-04
1.009175121105003399e+02,3.126510041897679433e-04
1.017032395814919425e+02,3.158382135337633513e-04
1.032752336723639246e+02,3.158498624753300235e-04
1.040618029323804166e+02,3.164478631672723325e-04
1.048501536116985307e+02,3.191335707744326908e-04
1.056345268992150466e+02,3.152006740424250831e-04
1.072030426078735701e+02,3.182796894026451934e-04
1.079886760332390452e+02,3.174456542288091147e-04
1.087745243985843473e+02,3.191798144549744926e-04
1.095598322370865247e+02,3.172299655962166807e-04
1.103446759727529098e+02,3.193926217079023303e-04
1.111298226574974990e+02,3.180575687398520422e-04
1.119146806175253062e+02,3.197268384955242017e-04
1.127005572190551135e+02,3.198827012706318535e-04
1.134859944779375809e+02,3.184147139263345991e-04
1.142723180951496857e+02,3.218123980721796450e-04
1.150594708608924748e+02,3.177527198247729516e-04
1.158443542794032339e+02,3.200091322706701707e-04
1.166295494654287666e+02,3.184608534417584635e-04
1.174164407622420754e+02,3.204782058960999915e-04
1.182006106297398134e+02,3.158665045657289751e-04
1.189843222742487399e+02,3.176941285400353707e-04
1.197682370887357877e+02,3.165262367216680633e-04
1.205550829225122129e+02,3.202486451846788765e-04
1.221273442877453590e+02,3.158265650218243124e-04
1.244823592598782227e+02,3.170703835385502286e-04
1.252686443539976580e+02,3.143589719282261483e-04
1.260513320633662886e+02,3.134055579851504876e-04
1.268373433235638430e+02,3.158873084118320900e-04
1.276254970260664123e+02,3.144790773356614705e-04
1.284104188991969124e+02,3.116116351671894560e-04
1.299815279972757196e+02,3.122065464629029084e-04
1.307672093848832446e+02,3.103933189954640034e-04
1.315517492474926371e+02,3.105176354615939442e-04
1.323356832598158235e+02,3.081551840082308053e-04
1.331212056452638137e+02,3.104366605317792640e-04
1.339080825795093688e+02,3.078882137200135601e-04
1.378359370991480830e+02,3.039945793396337513e-04
1.394039332226164163e+02,3.008666429065051076e-04
1.401885467209502849e+02,3.013473484443609705e-04
1.409749642283685489e+02,3.005766872957720969e-04
1.425463114968881371e+02,2.967653527283070072e-04
1.441187057155371178e+02,2.961101419453117693e-04
1.449043472833643875e+02,2.926721623373643145e-04
1.456893226890317408e+02,2.930015742727800818e-04
1.464751579813466265e+02,2.907356203566082331e-04
1.472618213000080800e+02,2.916799996113313555e-04
1.480467660516804926e+02,2.873729112705668037e-04
1.488301496849086334e+02,2.879344422839197727e-04
1.496149064091159460e+02,2.846956186174706823e-04
1.504010143073902555e+02,2.863926771772451647e-04
1.511865837621716366e+02,2.816475161584107672e-04
1.519710940193086515e+02,2.830928775733964719e-04
1.527573164721916612e+02,2.799453864514396735e-04
1.535438131688678709e+02,2.794531730362382607e-04
1.590405276787551827e+02,2.678171822545079273e-04
1.598263029599431206e+02,2.675872736069505298e-04
1.606114966629857008e+02,2.635255431586579927e-04
1.613978065960075128e+02,2.650321649440640559e-04
1.621844601916743329e+02,2.610374122062133237e-04
1.629686570880327281e+02,2.601552331486068985e-04
1.637531059412004879e+02,2.578687016639459313e-04
1.645385361264449955e+02,2.573136034555191781e-04
1.668937934645315977e+02,2.514904643963337180e-04
1.676810830408112736e+02,2.506530952552730031e-04
1.684674042893236390e+02,2.470019295109368096e-04
1.700361606326464141e+02,2.442930300708534412e-04
1.708216563815006737e+02,2.421350688297676352e-04
1.716073361772118631e+02,2.414102409928049026e-04
1.723929030722344464e+02,2.380849365790949112e-04
1.739635597856631932e+02,2.358941744256920991e-04
1.747496593232559405e+02,2.329827960557537454e-04
1.771055430209995620e+02,2.286817571075626799e-04
1.778910076353253089e+02,2.252343101309958273e-04
1.786758175195939202e+02,2.246186491779637959e-04
1.826033260350377816e+02,2.151320873557687093e-04
1.833899527401351008e+02,2.137108615889527830e-04
1.849596781981202582e+02,2.094414648191691465e-04
1.888855634723950914e+02,1.998742724352085929e-04
1.896711365513724274e+02,1.986579635109693659e-04
1.935998505291171341e+02,1.886472220725826383e-04
1.943855203323799401e+02,1.876707138121316875e-04
1.951704609641343211e+02,1.844300189434288511e-04
1.959546379052740974e+02,1.835705855383245385e-04
1.983117319918754049e+02,1.774673091410365546e-04
2.030244684309407717e+02,1.672259512318800606e-04
2.061650985888413743e+02,1.595690675684319725e-04
2.069506283268412687e+02,1.585704573716249972e-04
2.077359435487944381e+02,1.558700384468372497e-04
2.085219850369759342e+02,1.554284190576006217e-04
2.100916481415269175e+02,1.511218593461656978e-04
2.116649563816922921e+02,1.481098540132042040e-04
2.124494625635436194e+02,1.454806085944746440e-04
2.132345717031926711e+02,1.451043536956790397e-04
2.140202690263095633e+02,1.423142237340323517e-04
2.148058763485329905e+02,1.417858256220217166e-04
2.163760639108721477e+02,1.379059444019492097e-04
2.171619358837244818e+02,1.368617888310251073e-04
2.187321208597564919e+02,1.334906555787366666e-04
2.218737422860659763e+02,1.269860862511775260e-04
2.226596407220781373e+02,1.259366605328100298e-04
2.234448727943688482e+02,1.237616622623852137e-04
2.242307967379571494e+02,1.231687149487216957e-04
2.250156632324212751e+02,1.205117569454058766e-04
2.258004877978666798e+02,1.198911016202117380e-04
2.273706349362958861e+02,1.171698785581839016e-04
2.312996477229679897e+02,1.096825574166906161e-04
2.344410747512592650e+02,1.044288267653998995e-04
2.391519588330686190e+02,9.653850554482258726e-05
2.399375521855023976e+02,9.565523671000995582e-05
2.422941366621986958e+02,9.154415419696158526e-05
2.430787918728285888e+02,9.089555533985723291e-05
2.462216150312964089e+02,8.607400904554999720e-05
2.477936924936322782e+02,8.372239658997664776e-05
2.697836443410665765e+02,5.771230844629945245e-05
2.721407541881766292e+02,5.501150717861025215e-05
2.744968418788118925e+02,5.295616065599886586e-05
2.784230683652269249e+02,4.925533770626450489e-05
2.792087328625124769e+02,4.886012731869475439e-05
2.823492090279797253e+02,4.599829695693265197e-05
2.847053052364007044e+02,4.430467354057325801e-05
2.894185446604656704e+02,4.061781854658052024e-05
2.902052132255444690e+02,4.021312373693830766e-05
2.925600021798289276e+02,3.849437057324296392e-05
3.019852196100709989e+02,3.254171055181362800e-05
3.059132740182693624e+02,3.042182976197075451e-05
3.082688855341485805e+02,2.910553751072925149e-05
3.318310462221352282e+02,1.926800744812209802e-05
3.483240871784666979e+02,1.448405424962194782e-05
3.687449149675236413e+02,1.027646774023349233e-05
3.750288782169374144e+02,9.240583095047949974e-06
3.860246323967512012e+02,7.739460124307751587e-06
3.923073571860663833e+02,6.977612769685254693e-06
3.970189775899390270e+02,6.481083095722587569e-06
4.009468385120857192e+02,6.059473295788577904e-06
4.033025050544667920e+02,5.853151299914699629e-06
4.119423528691538081e+02,5.106312386772570667e-06
4.237232704007943767e+02,4.238984759556826618e-06
4.362895217447035634e+02,3.477890155197879340e-06
4.386455378782578123e+02,3.355038697287145588e-06
4.559255717348224834e+02,2.567336568980050634e-06
4.614226214409071645e+02,2.352905898722480948e-06
4.755604824014154701e+02,1.888165166581429289e-06
