# Cutting, Escartin, Hindmarsh & Weir 2020 (arXiv:2005.13537), Fig. 10(d), t/R*=4.0, gamma_*=4, lambda_bar=0.845, N_b=512.
# Extracted from the PDF vector paths (page 14); axes calibrated on the major ticks. Band = +-|P_high - P_medium| (their caption),
# edges taken as the nearest band-outline crossings above/below the curve at each curve point.
# Columns: kR_*, P (high res.), band low, band high; P = [H_* R_* Omega_vac]^-2 dOmega_gw/dln k.
1.112361239325625473e+00,2.528914737075283782e-03,2.227173503253796535e-03,2.830662616481604329e-03
1.884726725514796808e+00,2.802134837289139892e-03,2.403257748349280770e-03,3.201013071425669147e-03
2.680748395652826410e+00,4.230491788548495016e-03,3.575364848257905036e-03,4.885612301359672574e-03
3.479263169058655514e+00,4.052201645051497526e-03,3.424125103669591226e-03,4.680286010249476263e-03
4.293490925030384986e+00,4.409244260528737136e-03,3.672890327017376555e-03,5.145587494885035806e-03
5.059396840151339170e+00,3.149602774782128255e-03,2.598474495474039324e-03,3.700726265834510323e-03
5.845357991652895713e+00,3.153284779430847243e-03,2.598207538082678188e-03,3.708357984130681261e-03
6.634670935560726512e+00,2.532641630773665910e-03,2.062841087685351755e-03,3.002447508206571546e-03
7.431014025817582969e+00,2.390830318293843577e-03,1.960479276066171440e-03,2.821178210382823282e-03
8.219521905533628825e+00,1.993729412105947531e-03,1.609456202294910852e-03,2.378000393176907604e-03
8.994948976348450032e+00,1.774070880011110411e-03,1.414914472624541255e-03,2.133224238434405003e-03
9.783904089430201623e+00,1.693492400876841055e-03,1.354279534805547186e-03,2.032709796329676844e-03
1.058699184209660338e+01,1.539912240079190737e-03,1.224432635237168981e-03,1.855386809148127075e-03
1.137000416987404527e+01,1.383415623446027694e-03,1.091171291993422001e-03,1.675661310497274540e-03
1.214984343851531712e+01,1.322420642649345997e-03,1.051204642675967809e-03,1.593636781750484496e-03
1.293630604520432037e+01,1.203736416743890437e-03,9.582147719876015412e-04,1.449259352538427971e-03
1.372065409105260514e+01,1.174232076314455503e-03,9.188937878236394952e-04,1.429571639028555472e-03
1.450540391914701033e+01,1.088968716516480317e-03,8.458236266402218047e-04,1.332114784009787124e-03
1.529441291865072294e+01,1.025202606034025495e-03,8.041266516218754414e-04,1.246278969899051884e-03
1.608366837072994215e+01,9.593627616228979490e-04,7.508291772744046322e-04,1.167895406057701526e-03
1.686712737426261199e+01,8.943920958774504402e-04,6.984925855612439090e-04,1.090294897781189567e-03
1.764766584317964870e+01,8.471727837256098946e-04,6.568226430791210355e-04,1.037522780386019618e-03
1.843737405878501789e+01,8.108102517467726499e-04,6.306805891701519010e-04,9.909373167859634578e-04
1.922145041699158341e+01,7.224361459756869618e-04,5.627722662636023242e-04,8.821003089406416519e-04
2.000628592915894544e+01,7.167604273213603596e-04,5.534960614047023959e-04,8.800252741958526463e-04
2.079787934125770477e+01,6.546339677787456563e-04,5.050615829703027906e-04,8.042071544217563404e-04
2.158783655121808565e+01,6.307952405330631606e-04,4.869042643203007532e-04,7.746869354070571667e-04
2.237219048861174286e+01,5.690291194523272372e-04,4.356345794411747396e-04,7.024230297935536715e-04
2.315406181562297050e+01,5.601512825826228262e-04,4.305358742445404324e-04,6.897647433568010727e-04
2.393275274772892658e+01,5.058791910755810160e-04,3.901271056645571147e-04,6.216297145100165358e-04
2.472121306998860035e+01,5.054103028508942930e-04,3.835086556181427440e-04,6.273102114657557772e-04
2.551070350443193391e+01,4.618486903344993090e-04,3.546471102108220575e-04,5.690501065184153801e-04
2.629867465745595112e+01,4.435602231825428832e-04,3.398659878913392208e-04,5.472542803830149306e-04
2.708433277330594890e+01,4.158261031042138054e-04,3.186137920515722042e-04,5.130379200303929492e-04
3.022089406687772595e+01,3.484909995596956666e-04,2.662547203049020440e-04,4.307264624096483687e-04
3.100769588654300080e+01,3.367280648672651023e-04,2.574519944595448349e-04,4.160036040341601139e-04
3.179131353175768027e+01,3.221289556846037498e-04,2.478605640737003213e-04,3.963968942620609177e-04
3.257662178981763645e+01,3.134149018983239596e-04,2.385083100684827582e-04,3.883214302630791912e-04
3.336241826839590630e+01,2.989140740203315898e-04,2.307286548054184960e-04,3.671008008741666589e-04
3.415187378227977888e+01,2.956810572611989329e-04,2.288363778758162521e-04,3.625261984397025548e-04
3.494063702381030367e+01,2.833105212845220006e-04,2.202332704582486960e-04,3.463867499865854360e-04
3.572604249167971346e+01,2.784543126860295490e-04,2.152612384731440482e-04,3.416469964734529345e-04
3.650756333279665711e+01,2.666709877758453233e-04,2.081181047558887799e-04,3.252242060776949903e-04
3.728965219306327583e+01,2.637227833642525146e-04,2.072902297764015215e-04,3.201552073170319500e-04
3.807602985654872896e+01,2.566610384826871309e-04,2.014209625268895782e-04,3.119010083580914619e-04
3.886212609728084288e+01,2.540944565485784667e-04,2.013095625680159006e-04,3.068795538067914147e-04
3.965000091914382097e+01,2.490944606144305466e-04,1.974798291690148049e-04,3.007093363441880936e-04
4.043748709303487487e+01,2.496061759426963745e-04,1.976765779229169970e-04,3.015351355827064310e-04
4.122367896847166691e+01,2.411905216151664921e-04,1.934699881161068005e-04,2.889113077066500219e-04
4.201107776869564248e+01,2.426857659439272865e-04,1.960925619174103672e-04,2.892791563810777171e-04
4.279197150127264848e+01,2.332361117742691220e-04,1.897698973302662496e-04,2.767022403162343954e-04
4.357661364429933570e+01,2.391853474591866069e-04,1.948659076994413929e-04,2.835053862293264925e-04
4.436385974442367086e+01,2.335429171873693694e-04,1.915115958885428582e-04,2.755732295996149136e-04
4.514559694564302106e+01,2.313019424941125941e-04,1.919186690469226687e-04,2.706848712157635252e-04
4.593061208259351957e+01,2.353141217405609682e-04,1.963696473923918411e-04,2.742594630079784246e-04
4.671607564819468195e+01,2.314671328924319338e-04,1.945883809297376649e-04,2.683461104710577931e-04
4.750455488959092065e+01,2.348304691447760599e-04,1.981666975583325208e-04,2.714940106799569727e-04
4.829053245817708273e+01,2.309585292969729706e-04,1.959603605817541940e-04,2.659574840099433865e-04
4.907344823698687719e+01,2.335250757720359958e-04,1.992188005497341448e-04,2.678319585166635602e-04
4.986228165725744788e+01,2.391154155720663730e-04,2.037215160098325970e-04,2.745095648321249572e-04
5.064580636063286079e+01,2.326770312950280468e-04,2.008412969529912463e-04,2.645118083714715837e-04
5.143163632570335153e+01,2.428270991472006334e-04,2.101438732827811415e-04,2.755093517110092827e-04
5.221772542293883390e+01,2.370469220766792862e-04,2.070980970507440026e-04,2.669950449434790743e-04
5.299978750423228746e+01,2.432951725456196997e-04,2.127776737109522730e-04,2.738118735170816365e-04
5.378833004043833199e+01,2.461608790120741082e-04,2.160776818963165778e-04,2.762441145229563647e-04
5.613969194553068576e+01,2.505905089409875231e-04,2.243724112627385175e-04,2.768079573141934199e-04
5.692438984945503933e+01,2.550138435487297344e-04,2.279963506974169653e-04,2.820311852219597017e-04
5.771461979570032952e+01,2.625201418485578839e-04,2.363678426413802242e-04,2.886731793955592588e-04
5.850217852387438455e+01,2.606567482410049688e-04,2.344626686753899670e-04,2.868515187140790903e-04
5.928757529449897845e+01,2.672821745507364204e-04,2.431843158758652268e-04,2.913786372145723549e-04
6.007377595890993405e+01,2.671470162915573726e-04,2.425483487824356139e-04,2.917457844548304049e-04
6.163998735075188051e+01,2.764377603040202996e-04,2.524737099233462039e-04,3.004029159224085705e-04
6.320807975446383864e+01,2.826142851063485656e-04,2.595050024970517086e-04,3.057232396414542907e-04
6.478294640503199275e+01,2.949722926280614927e-04,2.726156451776117254e-04,3.173296553461667485e-04
6.556969384505546827e+01,2.952443939776245121e-04,2.726802888417661228e-04,3.178081919221650538e-04
6.635267594393445734e+01,2.997373120333493611e-04,2.768932894386700867e-04,3.225807356401118602e-04
6.713785469562218111e+01,3.077668871927956903e-04,2.845664223324749129e-04,3.309675638729662681e-04
6.792571708273970899e+01,3.089740677780956901e-04,2.864754364612403701e-04,3.314727791230366767e-04
6.871126001957908613e+01,3.140893644992024487e-04,2.918687822418966149e-04,3.363113974602939516e-04
6.949215207518112436e+01,3.139834705429574006e-04,2.928878093308564861e-04,3.350786095772130806e-04
7.027844637353653923e+01,3.276829581269202893e-04,3.035891739388912273e-04,3.517765331981819918e-04
7.106793125169822645e+01,3.256966289262890253e-04,3.067364928368191508e-04,3.446572935752653384e-04
7.185274866553777429e+01,3.314212625073769845e-04,3.099074593511057631e-04,3.529349817755713281e-04
7.263804518735578597e+01,3.393882114669283159e-04,3.169645456820954126e-04,3.618115803390998782e-04
7.342353470014896288e+01,3.409906031872548637e-04,3.190211394800275785e-04,3.629610012049032256e-04
7.420720556322369532e+01,3.452470662934366925e-04,3.230876176404782639e-04,3.674065282930134195e-04
7.499206146180469545e+01,3.530605231555847007e-04,3.294964602866695420e-04,3.766242771063268080e-04
7.577609184459613800e+01,3.541317617742324947e-04,3.313819755556503721e-04,3.768813388441733404e-04
7.656087141825854303e+01,3.629696069567016283e-04,3.375149315686307421e-04,3.884247662769953137e-04
7.734816530163766402e+01,3.633647349381898136e-04,3.406099346928483118e-04,3.861190580440085449e-04
7.970565026559023636e+01,3.791069153046056398e-04,3.555554585581992993e-04,4.026581722803572092e-04
8.049047687516437577e+01,3.798106652053977747e-04,3.552062506916316793e-04,4.044154342520816505e-04
8.127525049885659314e+01,3.855336004342289446e-04,3.643760351182341356e-04,4.066910952166641292e-04
8.206146679335687111e+01,3.877540841475767388e-04,3.661234100655064985e-04,4.093848699504402944e-04
8.363212182027528740e+01,3.958740617373079180e-04,3.715657074400630978e-04,4.201823674785404457e-04
8.441793295878433412e+01,4.000729454227574026e-04,3.773542342622522214e-04,4.227894872364886978e-04
8.520178677301697689e+01,3.990172280484316925e-04,3.751656311513671218e-04,4.228685740976038921e-04
8.598614769754921383e+01,4.078820738461826773e-04,3.846084408342949454e-04,4.311567301483461658e-04
8.677223608451222958e+01,4.060562594774149944e-04,3.833682476832474262e-04,4.287452999474889543e-04
8.755739908003550909e+01,4.134906122539416373e-04,3.887718080436588348e-04,4.382082625665370242e-04
8.834257340199768294e+01,4.141381619983184443e-04,3.899688643260904399e-04,4.383063987823371363e-04
8.912873344043178747e+01,4.200595165338442591e-04,3.929036412854919964e-04,4.472162971192374797e-04
8.991494768559793727e+01,4.201458404721855242e-04,3.954425408974798274e-04,4.448497961948774258e-04
9.070123473640651923e+01,4.251954220465116820e-04,3.987933917045436262e-04,4.515979380542768673e-04
9.227298091737176833e+01,4.279576436350812359e-04,4.025754413905386080e-04,4.533382274099907565e-04
9.305632170898117295e+01,4.290458483180097202e-04,4.034927945500708978e-04,4.545987401211892300e-04
9.462547584231360531e+01,4.358515363408638232e-04,4.100627173340039289e-04,4.616418988805444813e-04
9.619613350774943683e+01,4.382475144158734580e-04,4.101210559511510464e-04,4.663724648149786614e-04
9.698252650117441931e+01,4.420111483470806797e-04,4.161450015548287290e-04,4.678762456179571703e-04
9.776915868623369477e+01,4.411166059612309231e-04,4.155654674904726668e-04,4.666686538725036120e-04
9.855669287498096764e+01,4.457237271272932464e-04,4.183246350030317938e-04,4.731229211284292027e-04
9.933891296163714912e+01,4.380893740081564353e-04,4.135254712706242864e-04,4.626524060402780348e-04
1.001208483714700179e+02,4.473188074978757373e-04,4.206962956890661939e-04,4.739425107393748209e-04
1.009067574372412111e+02,4.453012107709542898e-04,4.191232683360453107e-04,4.714780548217710932e-04
1.016923977232437579e+02,4.482034926238746809e-04,4.211642503328834591e-04,4.752427859061812937e-04
1.040505385501963787e+02,4.495160386512378199e-04,4.222374055466807672e-04,4.767952650151633699e-04
1.048386385569995127e+02,4.506946795695788511e-04,4.233724036450843011e-04,4.780152089462873385e-04
1.056221068367270277e+02,4.441331645801797640e-04,4.189024990991164414e-04,4.693626179414272723e-04
1.064050224501377784e+02,4.507018034776752013e-04,4.234739109250971285e-04,4.779295854568791409e-04
1.095467640224955232e+02,4.478210941862917891e-04,4.196712782451180682e-04,4.759694882371095647e-04
1.103330439016498872e+02,4.513255816238961058e-04,4.227159831381146408e-04,4.799356833153397683e-04
1.111182759419638870e+02,4.455229818944508998e-04,4.196602225839175825e-04,4.713849095021156407e-04
1.126877964160312615e+02,4.484113520785024338e-04,4.213484698952153404e-04,4.754732057150636015e-04
1.134736669119323267e+02,4.434036699883222915e-04,4.182607219667359034e-04,4.685460109765824050e-04
1.142599016617212300e+02,4.487528758746850248e-04,4.216238396087298025e-04,4.758817238539979474e-04
1.150458996332985890e+02,4.429495113598824339e-04,4.151562272624112222e-04,4.707445683313782065e-04
1.158308658755545650e+02,4.439109158368225545e-04,4.164806018722060424e-04,4.713426896860559612e-04
1.166168664851164465e+02,4.416922088923803209e-04,4.152404496453103401e-04,4.681437901414154247e-04
1.174036687565992452e+02,4.430148628483107968e-04,4.162689008864822412e-04,4.697609357988550747e-04
1.181873849139305861e+02,4.371659135659508545e-04,4.104604486894435880e-04,4.638716008713222936e-04
1.189710054272950259e+02,4.391848293286565994e-04,4.133120059090110627e-04,4.650572527464835759e-04
1.197557535919028879e+02,4.372799436160675524e-04,4.101869669649478838e-04,4.643741238618387369e-04
1.205425139587122771e+02,4.398575535444778739e-04,4.126744450432389961e-04,4.670413078802518000e-04
1.213295722718757332e+02,4.350428024220358400e-04,4.068668404381755189e-04,4.632182796740493772e-04
1.260375816620100835e+02,4.228329274840242000e-04,3.975870529115612816e-04,4.480783510364326982e-04
1.268235037301743375e+02,4.252424702550004591e-04,3.994189769948828530e-04,4.510652721429848021e-04
1.276115679761348929e+02,4.231794953590588748e-04,3.967750991236572889e-04,4.495847277090073623e-04
1.283965989861399635e+02,4.190382584088624455e-04,3.929108868010321338e-04,4.451651519500473501e-04
1.291824700013777658e+02,4.199610403711062515e-04,3.937719831390699456e-04,4.461489950417712536e-04
1.307523178788617884e+02,4.128495130349401233e-04,3.872171482323346400e-04,4.384807890864727479e-04
1.315367649571089999e+02,4.127679503843184172e-04,3.870886390249781198e-04,4.384472915265039041e-04
1.323212191577703152e+02,4.095078353850288197e-04,3.827678016595286391e-04,4.362478474472010221e-04
1.331066522399755172e+02,4.106724412927426375e-04,3.846023616148100920e-04,4.367411543775766790e-04
1.338930262269114166e+02,4.062552749095955820e-04,3.798827132228285134e-04,4.326278727154491050e-04
1.346788471951590793e+02,4.053861028491132705e-04,3.784024756498196749e-04,4.323703741273630507e-04
1.362500460253995982e+02,3.995989485312501587e-04,3.737667862839744930e-04,4.254295944020788900e-04
1.370353117664376441e+02,3.992811588981015733e-04,3.730005304290629907e-04,4.255618635034695476e-04
1.393886648365016185e+02,3.896915831118740055e-04,3.645210105230191713e-04,4.148610369707885566e-04
1.409592992162312441e+02,3.878174222039482253e-04,3.627363676679173834e-04,4.129006338436428357e-04
1.433151897504107524e+02,3.801650329088258006e-04,3.559096977415569796e-04,4.044196958374779612e-04
1.441028999666007451e+02,3.792657447371961693e-04,3.533983114930889656e-04,4.051341454849835175e-04
1.448886756372635318e+02,3.739263336323809020e-04,3.496846858001519728e-04,3.981677372966269069e-04
1.456737876272571270e+02,3.732177551994713869e-04,3.489687197590860554e-04,3.974676670035935059e-04
1.464590834031233442e+02,3.691732987635415052e-04,3.452716241467359442e-04,3.930754995018030922e-04
1.472454295892262621e+02,3.699443616538865059e-04,3.451533986712053219e-04,3.947358231608342084e-04
1.480305120885726637e+02,3.614724161266910998e-04,3.388111248907469471e-04,3.841325262359533872e-04
1.488138062783180544e+02,3.631312417455880557e-04,3.397361881113875113e-04,3.865261488221832472e-04
1.495984733841823413e+02,3.591705417876487260e-04,3.352613845232761225e-04,3.830795124579342513e-04
1.503844914917559095e+02,3.609062641924650275e-04,3.368700268390520500e-04,3.849429459285739564e-04
1.511704380213719787e+02,3.542176011461697221e-04,3.310695918841266420e-04,3.773661636603688045e-04
1.519550956795856393e+02,3.541028423238748945e-04,3.304544130530319814e-04,3.777500938703422652e-04
1.527405244080396471e+02,3.501695772045560168e-04,3.276458406106755208e-04,3.726940753880956885e-04
1.535269311982667091e+02,3.487729590829262644e-04,3.266263246336395228e-04,3.709192495991641900e-04
1.550965853570126569e+02,3.418423596356520125e-04,3.197809495966568187e-04,3.639040648038400464e-04
1.558804402705312953e+02,3.423353147175556537e-04,3.190387889620394210e-04,3.656328012661294678e-04
1.574520320339233308e+02,3.360775806704201685e-04,3.136750924960264846e-04,3.584795368065488998e-04
1.582375294212517645e+02,3.351801389087466195e-04,3.119001866881474633e-04,3.584597054306931261e-04
1.590235079502423616e+02,3.311158200514265483e-04,3.090725726737253605e-04,3.531591276836289401e-04
1.598091956954804687e+02,3.309893620882528933e-04,3.075796539630981283e-04,3.543986784604573207e-04
1.605943019104788050e+02,3.258382320369688557e-04,3.033021906735783573e-04,3.483725894787662600e-04
1.613800258629986217e+02,3.262565348788680594e-04,3.035651816563110310e-04,3.489475759916508104e-04
1.621660885667304797e+02,3.213237789305742158e-04,2.987707909640488838e-04,3.438773283377102928e-04
1.629506963932881547e+02,3.203365930904146746e-04,2.973182339325939195e-04,3.433550157179760692e-04
1.637350553526070769e+02,3.168668645208016382e-04,2.952801745266816591e-04,3.384533961315941137e-04
1.645203955150756485e+02,3.161231389657261017e-04,2.938484586365166054e-04,3.383972286979232760e-04
1.653059291336687124e+02,3.126117406732329437e-04,2.908517681511322856e-04,3.343714074437573094e-04
1.660908537421111362e+02,3.113280089616906406e-04,2.887857523363483378e-04,3.338705696002963459e-04
1.708033224900914604e+02,2.958540327923233444e-04,2.746086566090096470e-04,3.170998462348964412e-04
1.715883846401619053e+02,2.955253100471525438e-04,2.733297293221212485e-04,3.177202946258258121e-04
1.731581211289553153e+02,2.895063442214294933e-04,2.683347998271741193e-04,3.106791182113014904e-04
1.739443376592659831e+02,2.886077855487871754e-04,2.672357061880063995e-04,3.099801291810828875e-04
1.755155718234503581e+02,2.835322746691414032e-04,2.618591312492768290e-04,3.052058081669838715e-04
1.802281023654690841e+02,2.714603972818514115e-04,2.501960471391955431e-04,2.927258217725371443e-04
1.810125985568635372e+02,2.677317855105542277e-04,2.464294984403305085e-04,2.890338719289503827e-04
1.817974217710811615e+02,2.670696126696068206e-04,2.456575211707732413e-04,2.884816021074373049e-04
1.872929947942267290e+02,2.511542541904684934e-04,2.301270800509098850e-04,2.721814936841436701e-04
1.880783296326164304e+02,2.510993440763914183e-04,2.295047022423927390e-04,2.726939377970053206e-04
1.888643329199616687e+02,2.476928093561421508e-04,2.265999685309846238e-04,2.687854733809308177e-04
1.904367981426781569e+02,2.447035239535615050e-04,2.230863614927367303e-04,2.663199604112866819e-04
1.935774714367801153e+02,2.360511075179186477e-04,2.149654243159271610e-04,2.571361328656937475e-04
1.943633470788791442e+02,2.357229977567820928e-04,2.148063517122227712e-04,2.566394026898670411e-04
1.951487973621297272e+02,2.324558566109022296e-04,2.104624358503150324e-04,2.544494787208375643e-04
1.959328838233377610e+02,2.315506873197712649e-04,2.101793068203238217e-04,2.529223962888156076e-04
1.990744241060750710e+02,2.235852864825023476e-04,2.020140088562482348e-04,2.451571301279378552e-04
1.998600876825537966e+02,2.234533866331240388e-04,2.016800729445995593e-04,2.452262448731884850e-04
2.014310874284789747e+02,2.182355373878019282e-04,1.968943879317610170e-04,2.395769654709930543e-04
2.045723231540497125e+02,2.123403413763938041e-04,1.909368056738209283e-04,2.337435731165446071e-04
2.061421651695768844e+02,2.080183443206694966e-04,1.865435982637425345e-04,2.294926104317673128e-04
2.069272845818505004e+02,2.074568525479086130e-04,1.859900881909226633e-04,2.289232041427923957e-04
2.077128284932844906e+02,2.049731338664010413e-04,1.836143302286641777e-04,2.263320945361906305e-04
2.084994229290426802e+02,2.041959589809379054e-04,1.829648874852378383e-04,2.254270149905340370e-04
2.092841489805129527e+02,2.011950440305109410e-04,1.800211387544257448e-04,2.223687634595622486e-04
2.100679362484742967e+02,2.007550728719114655e-04,1.792880267866212018e-04,2.222223597844598755e-04
2.116410600092054040e+02,1.973087442835227685e-04,1.760566336120904577e-04,2.185617600437853513e-04
2.124254741840591691e+02,1.947201696520983380e-04,1.737368046593480415e-04,2.157034501346819476e-04
2.132104912333067261e+02,1.949362499079542127e-04,1.736283655852617147e-04,2.162445319491766683e-04
2.139964268005418262e+02,1.920592745288805434e-04,1.712263721369850628e-04,2.128920547722493791e-04
2.147822747910540215e+02,1.915040282749641044e-04,1.702018930763012582e-04,2.128062632136920346e-04
2.155673473176368873e+02,1.884214029278021571e-04,1.680384307582669394e-04,2.088045664862346997e-04
2.171377298260239286e+02,1.867279755203512148e-04,1.659728489881373223e-04,2.074836339364177426e-04
2.187070575058937436e+02,1.829947740572465393e-04,1.624845748189142943e-04,2.035053474032601955e-04
2.202785439181430718e+02,1.802622175681940276e-04,1.598021231502112869e-04,2.007222857009531233e-04
2.242057713228818443e+02,1.735670839963837826e-04,1.531821761000391172e-04,1.939512107530767880e-04
2.249901993907459428e+02,1.710397275571885951e-04,1.507255469605716606e-04,1.913542510882654387e-04
2.257752803052509023e+02,1.707938841705205742e-04,1.505779089390604298e-04,1.910097550864185353e-04
2.265603021410086910e+02,1.687184312348061579e-04,1.484056324803155707e-04,1.890309446278098905e-04
2.273452452654780984e+02,1.681854647778906024e-04,1.480588663588542427e-04,1.883122316828920236e-04
2.312734448836823447e+02,1.608288149627276045e-04,1.412234789189876377e-04,1.804342069254097369e-04
2.336289583581335023e+02,1.574922118218797411e-04,1.379581183300503848e-04,1.770258572647920379e-04
2.595462716526441795e+02,1.210836520529945582e-04,1.054127287234982109e-04,1.367546090440473444e-04
2.626853157702110479e+02,1.168656867830939367e-04,1.019528912108111249e-04,1.317784603036988142e-04
2.634700922027779484e+02,1.165913886235073123e-04,1.017961585336464689e-04,1.313871026078615868e-04
2.658262031524426448e+02,1.137444468103498144e-04,9.940733612414146513e-05,1.280813267100583083e-04
2.783917311178367981e+02,9.998171715866027405e-05,8.863711022774462792e-05,1.113259993567493539e-04
2.791773037444812076e+02,9.983906082548096796e-05,8.849105636054930147e-05,1.111870728825880308e-04
2.807481696842223187e+02,9.805950327231770453e-05,8.725054053031808916e-05,1.088685927459860989e-04
2.862449678244105371e+02,9.285286211131249870e-05,8.340266374353769705e-05,1.023031884779275599e-04
2.870309840790058047e+02,9.230119670557497449e-05,8.314402079296330061e-05,1.014588226489078466e-04
2.878156035158590385e+02,9.104947390569713027e-05,8.214752039077559463e-05,9.995116841048753335e-05
2.886005853304901052e+02,9.098018061836627812e-05,8.215769225132663479e-05,9.980250833534277705e-05
2.917421596527846646e+02,8.785182854130753967e-05,8.002812815511485696e-05,9.567540851602070195e-05
2.948842368956190398e+02,8.532772180206246075e-05,7.839509685367279787e-05,9.226059825418543624e-05
2.956684099693938492e+02,8.442528718587537380e-05,7.774211843825956810e-05,9.110873871518529075e-05
2.964537528941036726e+02,8.432281854475167022e-05,7.774560017725206252e-05,9.090016340841268320e-05
2.980242599982802290e+02,8.282179020126856697e-05,7.675817279349716137e-05,8.888520593808234261e-05
3.035226331365569763e+02,7.824777745895348299e-05,7.388470942164864961e-05,8.261107337088686618e-05
3.043072238705109953e+02,7.798868252545814752e-05,7.379717257868925262e-05,8.218020467534165984e-05
3.066637157296322584e+02,7.599079976381606816e-05,7.246403667353985877e-05,7.951787660402458938e-05
3.074488305576592779e+02,7.574276973267754759e-05,7.244933893913477153e-05,7.903606804852678135e-05
3.121594934889224078e+02,7.210090513987069268e-05,7.044808129042129418e-05,7.375383164942575444e-05
3.137308436883366198e+02,7.125534039015771887e-05,6.992537228234425341e-05,7.258535900462486680e-05
3.200127213702049858e+02,6.706909971613297895e-05,6.626368987467730787e-05,6.787446383913078125e-05
3.207993190902295737e+02,6.675761998106072347e-05,6.561385019049028504e-05,6.790146925914023889e-05
3.231547649980211645e+02,6.525134559242360462e-05,6.338893872768955860e-05,6.711381633203733358e-05
3.270812929689446378e+02,6.269507326731457383e-05,5.956057110487566992e-05,6.582957879341416643e-05
3.412179011791736798e+02,5.528598266016069733e-05,4.744127145009880352e-05,6.313079576776144618e-05
3.427872972434067265e+02,5.441654439805119060e-05,4.609679307329134489e-05,6.273621252056619884e-05
3.435725781075658460e+02,5.417752505123817763e-05,4.563619092244364125e-05,6.271886135214675836e-05
3.459296166663836516e+02,5.288177085049539810e-05,4.366426926800257626e-05,6.209920455659749365e-05
3.498551071964279231e+02,5.121162007912493644e-05,4.079867591404855875e-05,6.162464158202358370e-05
3.522106499828979622e+02,4.981275357625748312e-05,3.871839075581967355e-05,6.090723216025344241e-05
3.529957164347541152e+02,4.987446825801804414e-05,3.845865686332752121e-05,6.129015046077492001e-05
3.553526518329669557e+02,4.864714334926799284e-05,3.660794427888416740e-05,6.068636776854009670e-05
3.592796560930406713e+02,4.704574576272755368e-05,3.386883415289531154e-05,6.022244306209383616e-05
3.655614267855760886e+02,4.453509675136666326e-05,2.981169807160806954e-05,5.925851072517179021e-05
3.687029585043773636e+02,4.340793479896034576e-05,2.803484762813645875e-05,5.878102965787022010e-05
3.710593370552650754e+02,4.248140895498062660e-05,2.658113798342717285e-05,5.838148048769640597e-05
3.765550382475819333e+02,4.060492126700976118e-05,2.375191284208621543e-05,5.745791234820990870e-05
3.836230734807140834e+02,3.826754592952556956e-05,2.045138085160762721e-05,5.608370170974513139e-05
3.844104876666127666e+02,3.811883563908851432e-05,2.013813885256522451e-05,5.609951283771174945e-05
3.867657195313371972e+02,3.728948264311849313e-05,1.914467321640663775e-05,5.543415640933543946e-05
3.875512066780709119e+02,3.719392411548864155e-05,1.893820553560266105e-05,5.544963834082247906e-05
3.899064159911881688e+02,3.635911104402013861e-05,1.800682909614771386e-05,5.471121665469324841e-05
3.914772483397217684e+02,3.592475822552258026e-05,1.741264676568230290e-05,5.443676117539569543e-05
4.001157084272606994e+02,3.359832253176343539e-05,1.490043841656677273e-05,5.229602965158147845e-05
4.024714529354812385e+02,3.292182998755092217e-05,1.422264731924912532e-05,5.162081454324025454e-05
4.048273156068168532e+02,3.240127786850608088e-05,1.381088131280625525e-05,5.099164809929225762e-05
4.087541424662583722e+02,3.138217305321859758e-05,1.305464378249794030e-05,4.970945430393214175e-05
4.111099627683396420e+02,3.085311128919958725e-05,1.272789128545716335e-05,4.897826656943524463e-05
4.315286635910989617e+02,2.661161643416159228e-05,1.132294462726042011e-05,4.190022860500383222e-05
4.338844168696104475e+02,2.613267107380058007e-05,1.131402922930170345e-05,4.095125955117028487e-05
4.354548874820704896e+02,2.585349670738847124e-05,1.135891591597569812e-05,4.034794146300635500e-05
4.385952948794463282e+02,2.528227459969324060e-05,1.142843150067273225e-05,3.913607198082279086e-05
4.543021082249379106e+02,2.275441702001813297e-05,1.248141355314873642e-05,3.302737474556337105e-05
4.645104527103574696e+02,2.127560448719639129e-05,1.347272280258484672e-05,2.907838985530582237e-05
4.715780636381149407e+02,2.030011748084077563e-05,1.416420508608438976e-05,2.643602304379912018e-05
4.723636409797096007e+02,2.025919420444142156e-05,1.430120929151926117e-05,2.621721005135076358e-05
4.747194378010512992e+02,1.992163928814779051e-05,1.453276880105320703e-05,2.531053027995034513e-05
4.825738178778809697e+02,1.894444290609309468e-05,1.531403797803934273e-05,2.257487698292805100e-05
5.289067249038769205e+02,1.410132151272513907e-05,1.038910351136654325e-05,1.781352421893038710e-05
5.524653590647195642e+02,1.201087723567399276e-05,6.759794953522409122e-06,1.726192585136198009e-05
5.563929183526186080e+02,1.166480442741796478e-05,6.283353606907613065e-06,1.704618879854691115e-05
5.642448725535945186e+02,1.100460497634728595e-05,5.443280503241672204e-06,1.656589521282116802e-05
5.909466746546989953e+02,8.918106818985407810e-06,3.436245138523867717e-06,1.439991796425430504e-05
5.948721898158352133e+02,8.598717759469004773e-06,3.190991615667168674e-06,1.400639377874028005e-05
5.956571055015631373e+02,8.573587697911004378e-06,3.160696987360718141e-06,1.398644596300122270e-05
6.003698565847010968e+02,8.209460643612672890e-06,2.930651918305637039e-06,1.348820642230211345e-05
6.074377030310052987e+02,7.722027939791269966e-06,2.620549983787168776e-06,1.282344071788996154e-05
6.121491356383860420e+02,7.394184176676185193e-06,2.442017467665908103e-06,1.234631858957008986e-05
6.262833128699885492e+02,6.476385319811079098e-06,2.006846530290620405e-06,1.094588251433557707e-05
6.309967071599771771e+02,6.179866159549824827e-06,1.885782362251845534e-06,1.047390856589230034e-05
6.482729754374840923e+02,5.196059839689816651e-06,1.545745644887415516e-06,8.846341546546348161e-06
6.781152018427544590e+02,3.775877459567186179e-06,1.198314119389058221e-06,6.353412232435841150e-06
6.789009282302514521e+02,3.803451710632511732e-06,1.201994314886665206e-06,6.404903186198679825e-06
6.812572627908475624e+02,3.647148729517431926e-06,1.176821738049536370e-06,6.117455751706641028e-06
6.851836320282076258e+02,3.503170442842314878e-06,1.152783551828827609e-06,5.853554682845730944e-06
6.906793497057431068e+02,3.284814182426617746e-06,1.115922679949632334e-06,5.453701131559076425e-06
7.040304601429544391e+02,2.837196867499711625e-06,1.061947901368394070e-06,4.612429617004077885e-06
7.079568960315365302e+02,2.701483209284156116e-06,1.040335645675293671e-06,4.362625865431571411e-06
7.220922798887258978e+02,2.300924203938098822e-06,1.004664289864345922e-06,3.597176945979484081e-06
7.228776177401235827e+02,2.308647425098508866e-06,1.014042647913024821e-06,3.603246952173703730e-06
7.260185516710463389e+02,2.211092402618751705e-06,1.001540774500237497e-06,3.420638084278035595e-06
7.283742079512045393e+02,2.144489108384794205e-06,9.939157877758075474e-07,3.295049885228757991e-06
7.291596228555026755e+02,2.170165758311620114e-06,9.937429904711307335e-07,3.346585389204509442e-06
7.315164348171830397e+02,2.068226675782878083e-06,9.932169291727544604e-07,3.143226430393519420e-06
7.385847776676254171e+02,1.919828010782091766e-06,9.861799682619237070e-07,2.853470069151649847e-06
7.472220686935991125e+02,1.741684052283423521e-06,9.837175556943099902e-07,2.499640305603550100e-06
7.590012490640415308e+02,1.539613032371892033e-06,1.004386426432715849e-06,2.074840847422815201e-06
7.660701658313156486e+02,1.434990838404052540e-06,1.002966554550076517e-06,1.867018196197733508e-06
7.668559701005640363e+02,1.441162237219207664e-06,1.052231822892045004e-06,1.830086704464600013e-06
7.692110963639505599e+02,1.388524505464407815e-06,1.009694956684177696e-06,1.767350083617410458e-06
7.699977446751742036e+02,1.383114029882108693e-06,1.012403739844344197e-06,1.753820868539138102e-06
7.723529794508500572e+02,1.344465665444022790e-06,1.012595787327412451e-06,1.676333474289822943e-06
7.731380658670337880e+02,1.347909210111812370e-06,1.042970006091790893e-06,1.652846781239039319e-06
7.762792083323050747e+02,1.296827930527789520e-06,1.023042192816446314e-06,1.570616507684161958e-06
7.864882816973962463e+02,1.179683610908231030e-06,1.037011070990795942e-06,1.322353536736164429e-06
7.911994795664991216e+02,1.137704666504941660e-06,1.049560243858985817e-06,1.225847047392045246e-06
7.919841574262724180e+02,1.201468785823591110e-06,1.190416603054713723e-06,1.212521359647469987e-06
7.943404103824113918e+02,1.101793163202806006e-06,1.063501700648248383e-06,1.140086906570251842e-06
8.037637494120076553e+02,1.021601330411815186e-06,9.588807596927141532e-07,1.084323310415161553e-06
8.045484654304225387e+02,1.031167673767618438e-06,9.755701098664532075e-07,1.086765539972540731e-06
8.296784705753062781e+02,1.023988610097839545e-06,7.080770555578932041e-07,1.339897366224320425e-06
