# Cutting, Escartin, Hindmarsh & Weir 2020 (arXiv:2005.13537), Fig. 10(d), t/R*=4.0, gamma_*=4, lambda_bar=0.845, N_b=512.
# Extracted from the PDF vector path (page 14), axes calibrated on the major tick marks (exact log axes).
# Columns: kR_*, [H_* R_* Omega_vac]^-2 dOmega_gw/dln k. Points outside the plotted y range (1e-6..1e-2) removed.
1.112459571534267999e+00,2.528355127267010224e-03
1.884897683183644590e+00,2.801517781615005687e-03
2.680995690739822024e+00,4.229578463921266317e-03
3.479588095377762258e+00,4.051324982609808001e-03
4.293895842224093151e+00,4.408294257740903374e-03
5.059877623636800159e+00,3.148913062957568124e-03
5.845917156827332484e+00,3.152594299927271269e-03
6.635309283416664705e+00,2.532081235358185026e-03
7.431732678867247976e+00,2.390299857191064033e-03
8.220320442426736207e+00,1.993283260943724301e-03
8.995826395335964065e+00,1.773671712578220273e-03
9.784862067123832219e+00,1.693110538468631720e-03
1.058803210764700964e+01,1.539563473551226963e-03
1.137112492332995295e+01,1.383100746835358918e-03
1.215104458844436763e+01,1.322119023907229133e-03
1.293758849637166364e+01,1.203460681044033181e-03
1.372201783338277536e+01,1.173962793608511555e-03
1.450684919074043400e+01,1.088718126449358383e-03
1.529594034936881997e+01,1.024966041150672481e-03
1.608527816450959236e+01,9.591407217205191044e-04
1.686881909391573231e+01,8.941844356603591499e-04
1.764943934172508477e+01,8.469756052220421072e-04
1.843923045072104472e+01,8.106211637065042748e-04
1.922338925765048856e+01,7.222667935849714452e-04
2.000830743856597138e+01,7.165923461620299752e-04
2.079998436773187720e+01,6.544798331765708330e-04
2.159002505359903168e+01,6.306464735113224973e-04
2.237446199998113983e+01,5.688943046982256535e-04
2.315641619303323751e+01,5.600184788385998650e-04
2.393518976896477568e+01,5.057587140422021340e-04
2.472373388485915413e+01,5.052899325721346615e-04
2.551330833268604081e+01,4.617382584737074469e-04
2.630136344404471416e+01,4.434539763831555985e-04
2.708710537465113077e+01,4.157262180699752689e-04
3.022400224631281773e+01,3.484066436686980377e-04
3.101088847487749334e+01,3.366464351171728308e-04
3.179459027423542850e+01,3.220507153873002288e-04
3.257998295279833911e+01,3.133386880156986405e-04
3.336586398728795189e+01,2.988412379069494513e-04
3.415540453237510832e+01,2.956089752277947795e-04
3.494425281030375885e+01,2.832413280552529872e-04
3.572974302999834606e+01,2.783862550273009137e-04
3.651134827876175848e+01,2.666056892390419788e-04
3.729352168131723033e+01,2.636581760080449464e-04
3.807998442307444975e+01,2.565980881027631749e-04
3.886616578266635003e+01,2.540321088962614300e-04
3.965412598579562342e+01,2.490332879275345833e-04
4.044169756729663590e+01,2.495448829581654935e-04
4.122797477691565859e+01,2.411312084554550247e-04
4.201545910808793138e+01,2.426261007986618343e-04
4.279643772879010299e+01,2.331786727577220720e-04
4.358116523022669497e+01,2.391265064768688137e-04
4.436849703416995538e+01,2.334854058321045398e-04
4.515031939997597021e+01,2.312449596144965861e-04
4.593542011822891880e+01,2.352561928523217436e-04
4.672096937278376316e+01,2.314101110492094960e-04
4.750953469024857867e+01,2.347726542559390927e-04
4.829559811880185549e+01,2.309016274224919354e-04
4.907859947876564632e+01,2.334675686233127212e-04
4.986751918233096603e+01,2.390565910604451583e-04
5.065112964239213511e+01,2.326197241096093402e-04
5.143704566973736547e+01,2.427674007366278702e-04
5.222322091019559309e+01,2.369885848438907795e-04
5.300536874480231120e+01,2.432353639717202063e-04
5.379399779603237164e+01,2.461003961855102529e-04
5.614561797851689562e+01,2.505289845834426325e-04
5.693040217174931428e+01,2.549512799595153741e-04
5.772071906346924663e+01,2.624558165400714860e-04
5.850836449032480857e+01,2.605928600563094566e-04
5.929384776783552269e+01,2.672167327694529963e-04
6.008013507327598290e+01,2.670816061861933772e-04
6.164651919865163876e+01,2.763701744537028519e-04
6.321478471782187114e+01,2.825452546302550179e-04
6.478982540306347460e+01,2.949003759587473820e-04
6.557665984763828249e+01,2.951724138213853744e-04
6.635972857568171435e+01,2.996642839638037474e-04
6.714499424017313345e+01,3.076919880832710923e-04
6.793294387753965680e+01,3.088988875644141049e-04
6.871857384757845466e+01,3.140129936834953656e-04
6.949955246004357434e+01,3.139071243655124511e-04
7.028593395286343082e+01,3.276034275646269741e-04
7.107550641803281621e+01,3.256175596991558877e-04
7.186041093910252187e+01,3.313408640463855561e-04
7.264579465887292997e+01,3.393059648379629202e-04
7.343137142821332475e+01,3.409079850747384621e-04
7.421512938245400903e+01,3.451634617845446870e-04
7.500007254019472214e+01,3.529751093764606890e-04
7.578419012625444395e+01,3.540461000831922268e-04
7.656905702206248066e+01,3.628819012498650585e-04
7.735643854272420583e+01,3.632769378992942492e-04
7.971418613742797277e+01,3.790154831452120592e-04
8.049910024714252188e+01,3.797190707011029458e-04
8.128396139855114200e+01,3.854406862370655679e-04
8.207026541492271576e+01,3.876606581536000450e-04
8.364109578564244885e+01,3.957787653080225795e-04
8.442699469864074047e+01,3.999766824685418239e-04
8.521093610062077062e+01,3.989212080620843236e-04
8.599538470115226119e+01,4.077840145635147932e-04
8.678156098862336876e+01,4.059586200440773256e-04
8.756681181228508137e+01,4.133912638118328255e-04
8.835207399446440490e+01,4.140386647642011874e-04
8.913832203401064191e+01,4.199586591991064945e-04
8.992462431670413991e+01,4.200449633158419229e-04
9.071099944328000220e+01,4.250933857332683829e-04
9.228292177218914105e+01,4.278549735064201978e-04
9.306635039784283947e+01,4.289429285428421443e-04
9.463568056305541631e+01,4.357470559170148342e-04
9.620651454307513006e+01,4.381424848235184973e-04
9.699299585552408587e+01,4.419052563905737888e-04
9.777971641438722372e+01,4.410109189413238947e-04
9.856733910601666082e+01,4.456169848340828525e-04
9.934964712561748001e+01,4.379843806580237513e-04
1.001316704633315027e+02,4.472116999638808951e-04
1.009176679307443436e+02,4.451945652353642580e-04
1.017033966149272288e+02,4.480961825407964844e-04
1.040618029323804166e+02,4.494084280938331053e-04
1.048499917195655229e+02,4.505867992262858456e-04
1.056335482836026358e+02,4.440267865528481155e-04
1.064165521444505060e+02,4.505939215038484344e-04
1.095586480943338898e+02,4.477138716512694201e-04
1.103450167252600238e+02,4.512175568830915744e-04
1.111303374235417465e+02,4.454162855720285004e-04
1.127000351796069282e+02,4.483039944085581490e-04
1.134859944779375809e+02,4.432974590476233671e-04
1.142723180951496857e+02,4.486454400192626830e-04
1.150584049310512000e+02,4.428434044480150655e-04
1.158434599444375408e+02,4.438045887129851621e-04
1.166295494654287666e+02,4.415863900016335779e-04
1.174164407622420754e+02,4.429087409668370904e-04
1.182002456186535966e+02,4.370611318641277258e-04
1.189839548430105793e+02,4.390795849370915361e-04
1.197687918689033211e+02,4.371751357785391159e-04
1.205556413474396038e+02,4.397521550013984491e-04
1.213427888285603586e+02,4.349385073946160710e-04
1.260513320633662886e+02,4.227314334146032269e-04
1.268373433235638430e+02,4.251404231445706102e-04
1.276254970260664123e+02,4.230779217361396185e-04
1.284106171694716920e+02,4.189376355883745514e-04
1.291965774345219131e+02,4.198602056485806655e-04
1.307666036590242982e+02,4.127503119131318014e-04
1.315511398875721909e+02,4.126687680058086752e-04
1.323356832598158235e+02,4.094094023276608884e-04
1.331212056452638137e+02,4.105737405254039239e-04
1.339076690627402968e+02,4.061575897081253026e-04
1.346935794188253226e+02,4.052886175410805683e-04
1.362649570343845085e+02,3.995027946613403502e-04
1.370503121598863743e+02,3.991850781666996559e-04
1.394039332226164163e+02,3.895977106548450196e-04
1.409747465583229200e+02,3.877239816132118039e-04
1.433309056628362441e+02,3.800733566622162859e-04
1.441187057155371178e+02,3.791742759369587466e-04
1.449045710208533251e+02,3.738360969812150000e-04
1.456897725884170995e+02,3.731276821232124680e-04
1.464751579813466265e+02,3.690841596184074049e-04
1.472615939228455204e+02,3.698550444220455660e-04
1.480467660516804926e+02,3.613850565297461992e-04
1.488301496849086334e+02,3.630434986770498629e-04
1.496149064091159460e+02,3.590837144484834514e-04
1.504010143073902555e+02,3.608190354914073551e-04
1.511870506375050809e+02,3.541319195911827038e-04
1.519717979667913141e+02,3.540171873250853841e-04
1.527573164721916612e+02,3.500848326343347617e-04
1.535438131688678709e+02,3.486885378975207342e-04
1.551136468319241146e+02,3.417595440920201551e-04
1.558975914124907831e+02,3.422523849205900601e-04
1.574693630059151985e+02,3.359961017988355556e-04
1.582549502998754747e+02,3.350988682186527702e-04
1.590410188076479869e+02,3.310354924864459159e-04
1.598267965153673629e+02,3.309090638761946431e-04
1.606119926431460669e+02,3.257591299175911803e-04
1.613978065960075128e+02,3.261773355978819268e-04
1.621839593556330783e+02,3.212457257689170834e-04
1.629686570880327281e+02,3.202587693950227046e-04
1.637531059412004879e+02,3.167898475996339179e-04
1.645385361264449955e+02,3.160462950257961136e-04
1.653241598063999902e+02,3.125357136889689411e-04
1.661091744226968672e+02,3.112522807511226884e-04
1.708221838913881072e+02,2.957819104041631958e-04
1.716073361772118631e+02,2.954532643500884688e-04
1.731772529400485325e+02,2.894357034325768319e-04
1.739635597856631932e+02,2.885373546075855971e-04
1.755349744892567116e+02,2.834630296062486251e-04
1.802480468818172028e+02,2.713939766368364342e-04
1.810326333279498385e+02,2.676662383628364760e-04
1.818175468494173685e+02,2.670042207050084618e-04
1.873137526434915969e+02,2.510925973396926436e-04
1.880991779649700959e+02,2.510377001301851798e-04
1.888852718267874025e+02,2.476319662357678300e-04
1.904579182942048305e+02,2.446433839742390235e-04
1.935989537566287879e+02,2.359930049383745945e-04
1.943849200573936855e+02,2.356649725024935590e-04
1.951704609641343211e+02,2.323986015823404001e-04
1.959546379052740974e+02,2.314936457689625426e-04
1.990965408443247497e+02,2.235301251308717519e-04
1.998822951510774999e+02,2.233982564406456059e-04
2.014534763602208614e+02,2.181816404854196821e-04
2.045950750843756509e+02,2.122878394369112534e-04
2.061650985888413743e+02,2.079668661700516115e-04
2.069503087881711565e+02,2.074055074713860095e-04
2.077359435487944381e+02,2.049223776252979891e-04
2.085226289682618415e+02,2.041453870556395782e-04
2.093074458002699316e+02,2.011451840981809402e-04
2.100913237530174911e+02,2.007053173658070796e-04
2.116646295639416167e+02,1.972598071076732331e-04
2.124491345344900992e+02,1.946718475473338224e-04
2.132342424619044436e+02,1.948878764466380089e-04
2.140202690263095633e+02,1.920115850553121006e-04
2.148062080164809231e+02,1.914564708604543641e-04
2.155913714654878106e+02,1.883745789892436707e-04
2.171619358837244818e+02,1.866815547381894228e-04
2.187314454009031692e+02,1.829492426138034093e-04
2.203031139499707933e+02,1.802173375908269423e-04
2.242307967379571494e+02,1.735238020481896619e-04
2.250153158007349248e+02,1.709970495498794069e-04
2.258004877978666798e+02,1.707512649311163436e-04
2.265856007213421890e+02,1.686763082727202399e-04
2.273706349362958861e+02,1.681434693005198788e-04
2.312992905886001154e+02,1.607885810178871831e-04
2.336550776606012505e+02,1.574527779721938644e-04
2.595754079460596699e+02,1.210530007192051397e-04
2.627148182670794654e+02,1.168360597573925199e-04
2.634996862780323568e+02,1.165618282641551757e-04
2.658560722320929131e+02,1.137155787837698038e-04
2.784230683652269249e+02,9.995620691133201108e-05
2.792087328625124769e+02,9.981358548247868940e-05
2.807797825398541818e+02,9.803446352172256800e-05
2.862772239188398089e+02,9.282909878743008801e-05
2.870633321915113356e+02,9.227756880083874311e-05
2.878480434923101825e+02,9.102615339403859283e-05
2.886331172226804256e+02,9.095687712872269602e-05
2.917750594940598603e+02,8.782929411957369613e-05
2.949175048929562877e+02,8.530580875114902862e-05
2.957017698709133242e+02,8.440359648014762110e-05
2.964872048460335350e+02,8.430115309199974830e-05
2.980578960573598124e+02,8.280049482123196935e-05
3.035569140421300744e+02,7.822761156495742975e-05
3.043415968282201334e+02,7.796858069357427668e-05
3.066983652159599387e+02,7.597119222062703780e-05
3.074835721929399028e+02,7.572322359180002943e-05
3.121947881983292632e+02,7.208226157424329572e-05
3.137663229577897255e+02,7.123690665597126799e-05
3.200489388083827862e+02,6.705170639447852079e-05
3.208356289978958102e+02,6.674030417935675284e-05
3.231913518535030221e+02,6.523440488310809843e-05
3.271183416631312184e+02,6.267876995962998784e-05
3.412566143137361223e+02,5.527153313873006262e-05
3.428261953182695834e+02,5.440231307094828072e-05
3.436115687330704986e+02,5.416335373387917983e-05
3.459688851318649085e+02,5.286792504722612971e-05
3.498948385416102269e+02,5.119819433650453716e-05
3.522506591778682719e+02,4.979968010208252248e-05
3.530358182481558060e+02,4.986137923399316940e-05
3.553930317523077065e+02,4.863436371802270944e-05
3.593204995298784183e+02,4.703337031253295233e-05
3.656030120705997888e+02,4.452335612862986191e-05
3.687449149675236413e+02,4.339647966130205376e-05
3.711015720060845524e+02,4.247018871514969296e-05
3.765979229594280469e+02,4.059417741839142503e-05
3.836667943671445755e+02,3.825739675620398451e-05
3.844543017425120297e+02,3.810872435035471655e-05
3.868098123880089929e+02,3.727958274783982454e-05
3.875953925241556135e+02,3.718404858942715453e-05
3.899508806989825871e+02,3.634944852113290687e-05
3.915218990719809540e+02,3.591520660725795158e-05
4.001613826516819472e+02,3.358936588345469134e-05
4.025174064129105886e+02,3.291304665947025466e-05
4.048735484116027692e+02,3.239262800711350003e-05
4.088008409959386427e+02,3.137378473981611711e-05
4.111569407795727784e+02,3.084485889286886652e-05
4.315780664041436694e+02,2.660445727240714586e-05
4.339340997136264946e+02,2.612563578483953120e-05
4.355047570407605804e+02,2.584653366547441747e-05
4.386455378782578123e+02,2.527545948220572637e-05
4.543542204552660451e+02,2.274825818816025345e-05
4.645637810915844170e+02,2.126983093237280379e-05
4.716322345816221286e+02,2.029459865646479307e-05
4.724179056042418097e+02,2.025368607700274602e-05
4.747739833913773850e+02,1.991621942742043101e-05
4.826293005946654944e+02,1.893927891266564405e-05
5.289677468147998525e+02,1.409743404672533714e-05
5.525292043747025446e+02,1.200754586398467818e-05
5.564572347960807974e+02,1.166156546866566537e-05
5.643101312473062308e+02,1.100154261407993983e-05
5.910151411571288236e+02,8.915605435088349927e-06
5.949411283592201016e+02,8.596302671810229600e-06
5.957261384442332428e+02,8.571179405401618056e-06
6.004394564097499369e+02,8.207150898592633731e-06
6.075081533286851254e+02,7.719850380201121601e-06
6.122201530620221774e+02,7.392095704317509035e-06
6.263560326042206725e+02,6.474547080852055971e-06
6.310699948841102014e+02,6.178109047877447864e-06
6.483483463555172648e+02,5.194573008028799669e-06
6.781941758898682338e+02,3.774784371111568219e-06
6.789799972241889918e+02,3.802350929723202646e-06
6.813366165470374654e+02,3.646091581000772042e-06
6.852634603639866100e+02,3.502153548323309256e-06
6.907598424732150306e+02,3.283858456048881090e-06
7.041125678524188061e+02,2.836367020052382499e-06
7.080394788920141309e+02,2.700691668549169246e-06
7.221765741041314186e+02,2.300246157163024252e-06
7.229620070712188635e+02,2.307967183499955094e-06
7.261033214516344287e+02,2.210439904896426358e-06
7.284592631025914216e+02,2.143855577913805432e-06
7.292447731616694000e+02,2.169524913125635522e-06
7.316018706786121584e+02,2.067614889960222830e-06
7.386710701400866128e+02,1.919258623278972766e-06
7.473094083191824666e+02,1.741165721320835125e-06
7.590900174569790124e+02,1.539152848239606850e-06
7.661597920403972921e+02,1.434560866915787162e-06
7.669456916850144808e+02,1.440730481399479540e-06
7.693011038180774221e+02,1.388107977766938280e-06
7.700878476211912584e+02,1.382699068610212191e-06
7.724433683217911266e+02,1.344061900042044852e-06
7.732285500542576528e+02,1.347504446697236915e-06
7.763700739162809441e+02,1.296437981147892815e-06
7.865803872475515846e+02,1.179327715525189368e-06
7.912921575218925909e+02,1.137361003534245491e-06
7.920769307310879412e+02,1.201106548579033905e-06
7.944334700256125643e+02,1.101459977493740098e-06
8.038579545103210648e+02,1.021291585762062560e-06
8.046427659368659988e+02,1.030855129389571966e-06
8.297758282168225605e+02,1.023678166688686103e-06
