# Cutting, Escartin, Hindmarsh & Weir 2020 (arXiv:2005.13537), Fig. 10(d), t/R*=4.0, gamma_*=4, lambda_bar=0.069, N_b=512.
# Extracted from the PDF vector paths (page 14); axes calibrated on the major ticks. Band = +-|P_high - P_medium| (their caption),
# edges taken as the nearest band-outline crossings above/below the curve at each curve point.
# Columns: kR_*, P (high res.), band low, band high; P = [H_* R_* Omega_vac]^-2 dOmega_gw/dln k.
1.112361239325625473e+00,3.329093681494536567e-03,2.891234205320629327e-03,3.766953114549324855e-03
1.884726725514796808e+00,2.259973029529525716e-03,1.897556936846980531e-03,2.622388792598075516e-03
2.680748395652826410e+00,3.840329500011057696e-03,3.151366445399535459e-03,4.529288814131201928e-03
3.479263169058655514e+00,3.033593958907000471e-03,2.505760437969873581e-03,3.561428516665738134e-03
4.293490925030384986e+00,3.628889003113212972e-03,2.984180625610234096e-03,4.273595059612506596e-03
5.059396840151339170e+00,2.789672398739439022e-03,2.273082176649102951e-03,3.306255963496625497e-03
5.845357991652895713e+00,2.724089512993034621e-03,2.256879242880025817e-03,3.191300671751115450e-03
6.642532827085791070e+00,2.304001057267829333e-03,1.890835327322036444e-03,2.717169567917274587e-03
7.436052684119619727e+00,2.008484862344166611e-03,1.620831710920713669e-03,2.396133141266350557e-03
8.224396759894775144e+00,1.674218437381416562e-03,1.342944459617577933e-03,2.005492305235714954e-03
8.998491228670051356e+00,1.457458543660593124e-03,1.156440479230205114e-03,1.758478548734040362e-03
9.783904089430201623e+00,1.309822715703559117e-03,1.027831138307783295e-03,1.591813676310608943e-03
1.058700818871873750e+01,1.189804491041080228e-03,9.393184729560568810e-04,1.440288385530645674e-03
1.137000416987404527e+01,9.641564296538033966e-04,7.542926757296018790e-04,1.174018651578070775e-03
1.214984343851531712e+01,8.992637664460161094e-04,7.012563588529810042e-04,1.097270884375025268e-03
1.293830360100302812e+01,7.599492131029028348e-04,5.919073321137316131e-04,9.279896240666458485e-04
1.372387459975261947e+01,7.196723143324018808e-04,5.545396056132980605e-04,8.848023734284368984e-04
1.450992876755728034e+01,6.153616086721941684e-04,4.671434399331599388e-04,7.635794885945715012e-04
1.529691631333740709e+01,5.640843813782663854e-04,4.286154288165712565e-04,6.995514486533900176e-04
1.608366837072994215e+01,5.037699596465937922e-04,3.821320536099334750e-04,6.254060254152143212e-04
1.686827331896955329e+01,4.581055772444891797e-04,3.488593375769036341e-04,5.673511649306093273e-04
1.843822811309641096e+01,3.873242718281577819e-04,2.897001283950874709e-04,4.849482396668116442e-04
1.922148009546791769e+01,3.377533074423125919e-04,2.544434459042679668e-04,4.210632966816991226e-04
2.000628592915894544e+01,3.276941805293617609e-04,2.428872386694179767e-04,4.124994512887616592e-04
2.079787934125770477e+01,2.974224249945863299e-04,2.215349689904338819e-04,3.733092043427036735e-04
2.158783655121808565e+01,2.808930105876592713e-04,2.117482164596915266e-04,3.500376866049823249e-04
2.236991074805676050e+01,2.455624071578507879e-04,1.869041643700656522e-04,3.042208521620545824e-04
2.315216711587353160e+01,2.440057243101250264e-04,1.822428308350513594e-04,3.057683451630663590e-04
2.393275274772892658e+01,2.166516618970505930e-04,1.624961325488455811e-04,2.708075507225007764e-04
2.472121306998860035e+01,2.116104775568715586e-04,1.620528201309204372e-04,2.611681341757467298e-04
2.550920675741697963e+01,1.895920059601044906e-04,1.470470502681606769e-04,2.321358018980148815e-04
2.629778134317569638e+01,1.859817588585772343e-04,1.437038121325327083e-04,2.282589784018294258e-04
2.787322723486680331e+01,1.615668711645693067e-04,1.296114706322847336e-04,1.935230017571577842e-04
2.943714396045169579e+01,1.477148561795914056e-04,1.210877988950524893e-04,1.743415500607061342e-04
3.022154734053745173e+01,1.408267000416107625e-04,1.173117166620726246e-04,1.643412775960853371e-04
3.100769588654300080e+01,1.370272414681145069e-04,1.158284827942362332e-04,1.582257932835420290e-04
3.179052815471954219e+01,1.297071113547876786e-04,1.110734815277319119e-04,1.483403566326425859e-04
3.257596790666340780e+01,1.278130241568016989e-04,1.109448070018102936e-04,1.446811888531851172e-04
3.336241826839590630e+01,1.226768329105138908e-04,1.083541401687434331e-04,1.369998094204867253e-04
3.415219017239611787e+01,1.211311897581330378e-04,1.082488611083069990e-04,1.340134503827586409e-04
3.494090677142238377e+01,1.166291739470035678e-04,1.062144241237868820e-04,1.270439442197525122e-04
3.572631830275450682e+01,1.151949241524283658e-04,1.050252195946415614e-04,1.253643216452398625e-04
3.650756333279665711e+01,1.111905878686070899e-04,1.034130672465013979e-04,1.189677279298515563e-04
3.728942188873900676e+01,1.120999957028970576e-04,1.054138395251819998e-04,1.187867158344135387e-04
3.807602985654872896e+01,1.091865471462542288e-04,1.050362873019644068e-04,1.133367589504027820e-04
3.886212609728084288e+01,1.096913694340481221e-04,1.056607274636043984e-04,1.137219754296591817e-04
3.964816434059494554e+01,1.079828393135357970e-04,1.057164125889628478e-04,1.102490506952786035e-04
4.043580133988260883e+01,1.103295318668663248e-04,1.089583991290235152e-04,1.117005560410088549e-04
4.122304246833105879e+01,1.083452916481759671e-04,1.069266820065462210e-04,1.097642142010390553e-04
4.201055884173204902e+01,1.096153964893173844e-04,1.080713456259078741e-04,1.111592498315276147e-04
4.279197150127264848e+01,1.085936096595558259e-04,1.065164890298287386e-04,1.106709937031596431e-04
4.357661364429933570e+01,1.124626382736976975e-04,1.096483212646480677e-04,1.152771936534966141e-04
4.436317475939372201e+01,1.124463445371995927e-04,1.092127255870769777e-04,1.156802805284174211e-04
4.514441195824711883e+01,1.142745570214371241e-04,1.107348618630513051e-04,1.178143715096289216e-04
4.593004474096988332e+01,1.176676580179197986e-04,1.138037925925691263e-04,1.215313720912660823e-04
4.671593138658025168e+01,1.177560364329721605e-04,1.115561660218410643e-04,1.239564646152325350e-04
4.750338133044936484e+01,1.208577046161637405e-04,1.143570730001408067e-04,1.273582661597329755e-04
4.828941404227520451e+01,1.223495662438542722e-04,1.153656001247904965e-04,1.293334889990044323e-04
4.907178130841891317e+01,1.252504339245389417e-04,1.178159233688804303e-04,1.326848652042450461e-04
4.986074190607203604e+01,1.313057882256691601e-04,1.241643248276823699e-04,1.384474426371786577e-04
5.064580636063286079e+01,1.299526841332510453e-04,1.217954720072816303e-04,1.381097545951273794e-04
5.143131867918359035e+01,1.371843595731017283e-04,1.276562134643468107e-04,1.467123478210035671e-04
5.221772542293883390e+01,1.364483661634279530e-04,1.277813773142259942e-04,1.451155857186156670e-04
5.300027850537152574e+01,1.425718184507455998e-04,1.333218614404324618e-04,1.518214568582277170e-04
5.535794685025319950e+01,1.515597102826591084e-04,1.413865259118269636e-04,1.617329526556432711e-04
5.613986530828601218e+01,1.564987757273678982e-04,1.458022726449429969e-04,1.671950357671791771e-04
5.692465352858317118e+01,1.601396859261055802e-04,1.494232540364335540e-04,1.708555369201209158e-04
5.771470890874518034e+01,1.673651390551004635e-04,1.568628293620012932e-04,1.778677607088960313e-04
5.850226885293297130e+01,1.673968873116940851e-04,1.569550087191873364e-04,1.778387114769393350e-04
5.928794146228236173e+01,1.740905021863134840e-04,1.622347864891590967e-04,1.859459959653777118e-04
6.007377595890993405e+01,1.762998342245554971e-04,1.656587721624378905e-04,1.869410964987449058e-04
6.085668192300671109e+01,1.819238438724641888e-04,1.711334752347149326e-04,1.927135813516673093e-04
6.478254629959205602e+01,2.036324460565792915e-04,1.906879813051817383e-04,2.165774775622806246e-04
6.556949136251068921e+01,2.059539177012050784e-04,1.922521421944658527e-04,2.196550094877777206e-04
6.635267594393445734e+01,2.092511534663927576e-04,1.958917130408783884e-04,2.226108336466195751e-04
6.713785469562218111e+01,2.151229145551024032e-04,2.017911463365121283e-04,2.284550944645874319e-04
6.792833911319672779e+01,2.197094101183886378e-04,2.061482473604470047e-04,2.332711372828417343e-04
6.871391237312451494e+01,2.216651524833545693e-04,2.080720555345413848e-04,2.352589561489364914e-04
6.949225937307727463e+01,2.248493327028333025e-04,2.128870072527102426e-04,2.368122354806256489e-04
7.027844637353653923e+01,2.332920321958713099e-04,2.198784852575615481e-04,2.467062099369742370e-04
7.106815071375706339e+01,2.343836205369160771e-04,2.205723574196514537e-04,2.481951067388408474e-04
7.263703579793327947e+01,2.410990425853307324e-04,2.268107913881408700e-04,2.553869695052358286e-04
7.342240102912924726e+01,2.455481755761008598e-04,2.313604466375744802e-04,2.597348069444884605e-04
7.577574084423670797e+01,2.530863587095125286e-04,2.378720381844207695e-04,2.683001639458356563e-04
7.656051678274315009e+01,2.598874383080829577e-04,2.446674264298549220e-04,2.751075512548399734e-04
7.735138991718028478e+01,2.629181029649587222e-04,2.469910400937789445e-04,2.788448397553187647e-04
7.813667803856839100e+01,2.621220925641111563e-04,2.457979949072594604e-04,2.784455101152832337e-04
7.970441959770991502e+01,2.699520938541656026e-04,2.513164083067398902e-04,2.885880182324936354e-04
8.049022831648380816e+01,2.717136729435678188e-04,2.537145298312537848e-04,2.897131028322834693e-04
8.284607804226061489e+01,2.805557806361481032e-04,2.613642936485316925e-04,2.997475773604252585e-04
8.363160530059334974e+01,2.821582637751365169e-04,2.634304555569232293e-04,3.008868387609922395e-04
8.441754192878973129e+01,2.859815407627669067e-04,2.660794228892059783e-04,3.058827497125647579e-04
8.520165521919317086e+01,2.843071578461545774e-04,2.644818464186123952e-04,3.041335079123718256e-04
8.598614769754921383e+01,2.904138209465234881e-04,2.689831024400840672e-04,3.118451397326047663e-04
8.677183414921427129e+01,2.895292253634017265e-04,2.694895248475690321e-04,3.095696460411321476e-04
8.755712869833989487e+01,2.944428039093545152e-04,2.741265537035393694e-04,3.147594740670792255e-04
8.834257340199768294e+01,2.940916308208571528e-04,2.736589944363695417e-04,3.145240689535073455e-04
8.912859582329794250e+01,2.977697308251760666e-04,2.763372805170950471e-04,3.192010418374382130e-04
9.148620441302557538e+01,3.005723190937330258e-04,2.773035421625918507e-04,3.238409030667154724e-04
9.227184114804501291e+01,3.044942654616171951e-04,2.821352218941672470e-04,3.268527049096202927e-04
9.305732748523629994e+01,3.033165733444849878e-04,2.795884980641316522e-04,3.270447776419280867e-04
9.383964735785505695e+01,3.039821172266301001e-04,2.796503748625332069e-04,3.283145996379082440e-04
9.462474532331711430e+01,3.066136914473605360e-04,2.809855237759819853e-04,3.322429889357473199e-04
9.698447318900585401e+01,3.098405202048904231e-04,2.835576716483360514e-04,3.361227371511062200e-04
9.776915868623369477e+01,3.103813444468112785e-04,2.840855468108461159e-04,3.366766184277515542e-04
9.855638852690782414e+01,3.132828242603150179e-04,2.869822812756535097e-04,3.395831775893160464e-04
9.933937310882629390e+01,3.088528114925870251e-04,2.819323859175580389e-04,3.357722696446108082e-04
1.001217759119932680e+02,3.137296359856873496e-04,2.860915566926463356e-04,3.413680999048288641e-04
1.009066016345247903e+02,3.127270580100978675e-04,2.858632831686857352e-04,3.395912290563650026e-04
1.016922407074782626e+02,3.159150090620047274e-04,2.886861078400752693e-04,3.431443241137910154e-04
1.032640578621035701e+02,3.159266607138214470e-04,2.875263785350890412e-04,3.443269530607248456e-04
1.040505385501963787e+02,3.165248005309213852e-04,2.870011825283245934e-04,3.460483703958891488e-04
1.048388004308944375e+02,3.192111328234708808e-04,2.908134597254611047e-04,3.476080248232676917e-04
1.056230853420612590e+02,3.152773212334634783e-04,2.860290082000272274e-04,3.445247563096418908e-04
1.071914242477973858e+02,3.183570528679147051e-04,2.883212919379188463e-04,3.483927806000210311e-04
1.079769690788163103e+02,3.175228237026692644e-04,2.875104723449283515e-04,3.475347735443221129e-04
1.087627288005608932e+02,3.192573872580347586e-04,2.885507681241900610e-04,3.499630013818959100e-04
1.095479480316209191e+02,3.173070848985003558e-04,2.868590756209172827e-04,3.477554898275488494e-04
1.103327031876066684e+02,3.194702439986374051e-04,2.894308492818098888e-04,3.495097000341963723e-04
1.111177612340415664e+02,3.181348805434752931e-04,2.875301658529252858e-04,3.487398836218320451e-04
1.119025305641007151e+02,3.198045385043478059e-04,2.888740158690743373e-04,3.507355177324366973e-04
1.126883183965042292e+02,3.199604375222134928e-04,2.884595636738114272e-04,3.514606639239116156e-04
1.134736669119323267e+02,3.184921087953144180e-04,2.874339834370350107e-04,3.495502152610083582e-04
1.142599016617212300e+02,3.218905829701433196e-04,2.901125416228029531e-04,3.536684021541710373e-04
1.150469654426243409e+02,3.178299607228562453e-04,2.865796026119714129e-04,3.490799754627269469e-04
1.158317601093790614e+02,3.200868979206561481e-04,2.894644001575191728e-04,3.507105712532333102e-04
1.166168664851164465e+02,3.185382590416278750e-04,2.858467159476233170e-04,3.512301936949922929e-04
1.174036687565992452e+02,3.205560806129894268e-04,2.888420552680625165e-04,3.522708213576040688e-04
1.181877498837047966e+02,3.159433066761715525e-04,2.835031456411119628e-04,3.483836026725652428e-04
1.189713728169366505e+02,3.177713558098805321e-04,2.850556212360464792e-04,3.504861327709137345e-04
1.197551988745569531e+02,3.166031923180835954e-04,2.851194591011687218e-04,3.480863686091664657e-04
1.205419555970351837e+02,3.203264665260369408e-04,2.890765151495710943e-04,3.515773450320221032e-04
1.221140388344986434e+02,3.159033578399111594e-04,2.841566531442049886e-04,3.476492354523842655e-04
1.244687868322699273e+02,3.171474657192815440e-04,2.865546898698468573e-04,3.477399160349980848e-04
1.252549827462304108e+02,3.144354232585404199e-04,2.838977619928595127e-04,3.449734099558618384e-04
1.260375816620100835e+02,3.134817874312930243e-04,2.821322488853010286e-04,3.448316667741864070e-04
1.268235037301743375e+02,3.159641153624872080e-04,2.851547638232658412e-04,3.467738746977867305e-04
1.276115679761348929e+02,3.145555566154691019e-04,2.846893932790132216e-04,3.444213037435969261e-04
1.283964007383772810e+02,3.116874470383929562e-04,2.812550957675937283e-04,3.421189398310219595e-04
1.299673314080984028e+02,3.122824968247507084e-04,2.830695520156361602e-04,3.414958242566166645e-04
1.307529235358968833e+02,3.104688472151003169e-04,2.806452254173512828e-04,3.402924379483454088e-04
1.315373742477767109e+02,3.105931926272091723e-04,2.818395609792403653e-04,3.393470861303909481e-04
1.323212191577703152e+02,3.082301910085746745e-04,2.790006158987288327e-04,3.374589198761822318e-04
1.331066522399755172e+02,3.105121988431637611e-04,2.820482743270278573e-04,3.389753962841478437e-04
1.338934396966534166e+02,3.079631585366721450e-04,2.790903001070985817e-04,3.368354180931323904e-04
1.378208472708281533e+02,3.040686169598940379e-04,2.774694215148214424e-04,3.306686372826343236e-04
1.393886648365016185e+02,3.009399513554385599e-04,2.749372894854357316e-04,3.269431286865985987e-04
1.401731889568343661e+02,3.014207689754293913e-04,2.757722169799876086e-04,3.270697640023474792e-04
1.409595168614725651e+02,3.006499281342604204e-04,2.760135183143319127e-04,3.252858993407204118e-04
1.425306850365631703e+02,2.968377045844844972e-04,2.728721552509490449e-04,3.208036064033695602e-04
1.441028999666007451e+02,2.961823409240192987e-04,2.725488628242874476e-04,3.198163336107060655e-04
1.448884519252965788e+02,2.927435588973182766e-04,2.695605284345819683e-04,3.159258284387269559e-04
1.456733377792018018e+02,2.930730477352031372e-04,2.699499603797801640e-04,3.161964333150157382e-04
1.464590834031233442e+02,2.908065647447077113e-04,2.674617873378416040e-04,3.141506007336720280e-04
1.472456569404349978e+02,2.917511645236129736e-04,2.693773772979881601e-04,3.141249462635470552e-04
1.480305120885726637e+02,2.874430701627396240e-04,2.663732867762585348e-04,3.085137095447879475e-04
1.488138062783180544e+02,2.880047323728120970e-04,2.670245881555849280e-04,3.089846494432296579e-04
1.495984733841823413e+02,2.847651518254465581e-04,2.637596077094929914e-04,3.057707617180877697e-04
1.503844914917559095e+02,2.864626070188636912e-04,2.657732801538180770e-04,3.071529290713933213e-04
1.511699711993816493e+02,2.817163367022332038e-04,2.615123710917662426e-04,3.019206479651995179e-04
1.519543918125491757e+02,2.831620360940586200e-04,2.634151884315229057e-04,3.029093283102735762e-04
1.527405244080396471e+02,2.800138088770978608e-04,2.606780359828419504e-04,2.993490671989982341e-04
1.535269311982667091e+02,2.795214803158614886e-04,2.600778397875209871e-04,2.989660507857688841e-04
1.590230168775732693e+02,2.678827647824783345e-04,2.522171056602713862e-04,2.835479607700364330e-04
1.598087021965677081e+02,2.676528022454949208e-04,2.517908957397415486e-04,2.835158425417946587e-04
1.605938059871181736e+02,2.635901194048716396e-04,2.477528485773686467e-04,2.794272407816661506e-04
1.613800258629986217e+02,2.650970945381950347e-04,2.501334389850791754e-04,2.800610235765051289e-04
1.621665893453945557e+02,2.611014047131994423e-04,2.468641915578141666e-04,2.753381159198404842e-04
1.629506963932881547e+02,2.602190186283773882e-04,2.465502779431444141e-04,2.738883450815594281e-04
1.637350553526070769e+02,2.579319504008540796e-04,2.443608123934760024e-04,2.715025934911344013e-04
1.645203955150756485e+02,2.573767218560724991e-04,2.447422057817619061e-04,2.700111266657541798e-04
1.668753828052289236e+02,2.515522147691032109e-04,2.396508203255921202e-04,2.634526638643751588e-04
1.676625820803180886e+02,2.507146487897064465e-04,2.388553980678522566e-04,2.625740908049458214e-04
1.684488131225653547e+02,2.470626244305433377e-04,2.361014829277624310e-04,2.580243782924000989e-04
1.700173894512768413e+02,2.443530875953996259e-04,2.343564538949502614e-04,2.543496205066476511e-04
1.708027950407567914e+02,2.421946183679181419e-04,2.325734634977454172e-04,2.518167664370230896e-04
1.715883846401619053e+02,2.414696198605408679e-04,2.324031978128097834e-04,2.505357220791167949e-04
1.723738613361054774e+02,2.381435321658078262e-04,2.294037551709555934e-04,2.468830520872785966e-04
1.739443376592659831e+02,2.359522537089741787e-04,2.278822590094422011e-04,2.440224378880462600e-04
1.747303468898239487e+02,2.330401888752991948e-04,2.251000331825768540e-04,2.409802986830220681e-04
1.770859598515058053e+02,2.287381351005538226e-04,2.228103143631027857e-04,2.346659694412437562e-04
1.778713341703710000e+02,2.252898740899558967e-04,2.193525795037762881e-04,2.312276148245411055e-04
1.786560538192899799e+02,2.246740677049831509e-04,2.194595099803444945e-04,2.298889486458400829e-04
1.825831105350048347e+02,2.151852626919230447e-04,2.121776216378051675e-04,2.181924227217378772e-04
1.833696467060626958e+02,2.137637004890490151e-04,2.110409576388698266e-04,2.164850680175067321e-04
1.849391914579498462e+02,2.094932924583570871e-04,2.075475953176211916e-04,2.114382906641635185e-04
1.888646245319627610e+02,1.999238306201130719e-04,1.993747334925045466e-04,2.004723275080630830e-04
1.896501070821687449e+02,1.987072328331944632e-04,1.981379869038229092e-04,1.992765392665026762e-04
1.935783681058366597e+02,1.886941109201235563e-04,1.859891082501084324e-04,1.913986172974678479e-04
1.943639472846197975e+02,1.877173701601809140e-04,1.848563335474277488e-04,1.905785009223048875e-04
1.951487973621297272e+02,1.844759033222622584e-04,1.812927974699222902e-04,1.876590256279380721e-04
1.959328838233377610e+02,1.836162650908924323e-04,1.799305803402661522e-04,1.873014440655917402e-04
1.982897058611869454e+02,1.775115328918308295e-04,1.732541538983715771e-04,1.817691088649110102e-04
2.030018980042251258e+02,1.672677271463712421e-04,1.606966789547132734e-04,1.738388998914574917e-04
2.061421651695768844e+02,1.596090090969219015e-04,1.521137070963605748e-04,1.671043260201714490e-04
2.069276040835722199e+02,1.586101593794460838e-04,1.505846526834745617e-04,1.666357107597688772e-04
2.077128284932844906e+02,1.559090924168100997e-04,1.480924140983980999e-04,1.637254944497825587e-04
2.084987790722352941e+02,1.554673670027156601e-04,1.472784982521110192e-04,1.636556358542345447e-04
2.100682605994531684e+02,1.511597726682220686e-04,1.425500358516707216e-04,1.597697108078798217e-04
2.116413867891337759e+02,1.481470429577203647e-04,1.389699837439366975e-04,1.573238536979557631e-04
2.124258021751457761e+02,1.455171646892655169e-04,1.364458499726308111e-04,1.545880743959252837e-04
2.132108204364815265e+02,1.451408191867450048e-04,1.355266053062199048e-04,1.547547279116340746e-04
2.139964268005418262e+02,1.423500170292910539e-04,1.326764763993407137e-04,1.520231695529517207e-04
2.147819431615110659e+02,1.418214915517723859e-04,1.315803828107178688e-04,1.520624225765252401e-04
2.163519488826393911e+02,1.379406744843872574e-04,1.276545319898045793e-04,1.482270715759516160e-04
2.171377298260239286e+02,1.368962668635875281e-04,1.262655206316570604e-04,1.475274099503033035e-04
2.187077328864807271e+02,1.335243192761234609e-04,1.225925120635915696e-04,1.444564864032516340e-04
2.218489901889630573e+02,1.270181761527825826e-04,1.155706233402211617e-04,1.384656801134316606e-04
2.226347975063300453e+02,1.259684962006212927e-04,1.140925701455044078e-04,1.378447727518122769e-04
2.234199385251151568e+02,1.237929707223889015e-04,1.120096654595028414e-04,1.355765988450569482e-04
2.242057713228818443e+02,1.231998796122603054e-04,1.109851479595957291e-04,1.354145439716054325e-04
2.249905467821313607e+02,1.205422768967253418e-04,1.086316647877806618e-04,1.324529704769710544e-04
2.257752803052509023e+02,1.199214708811758271e-04,1.075770963847435873e-04,1.322657255644524136e-04
2.273452452654780984e+02,1.171995867269474907e-04,1.045515115015621980e-04,1.298476261122481941e-04
2.312738019765817512e+02,1.097104431514642599e-04,9.661254221481010865e-05,1.228084374909126314e-04
2.344148641411065910e+02,1.044554305476767093e-04,9.132765640130338972e-05,1.175830629993710759e-04
2.391252007288078687e+02,9.656317876981434449e-05,8.311620808411942889e-05,1.100099879078896047e-04
2.399107027406766406e+02,9.567969341083891010e-05,8.224041240470546330e-05,1.091186850404147422e-04
2.422670131510544707e+02,9.156760197017670795e-05,7.789956681771199615e-05,1.052354283632461242e-04
2.430515770854669313e+02,9.091884376153472086e-05,7.731423675610552329e-05,1.045234213984291740e-04
2.461940345395030931e+02,8.609611133622237006e-05,7.250165354235721090e-05,9.969056749097844692e-05
2.477659290061489514e+02,8.374391935083413659e-05,7.022239713033006498e-05,9.726553591338372290e-05
2.697533166874800941e+02,5.772736989934661091e-05,4.559989776295248132e-05,6.985485498195544488e-05
2.721101512037293446e+02,5.502589144264648897e-05,4.324414698621348519e-05,6.680776062927261958e-05
2.744659635936401401e+02,5.297002864150221116e-05,4.134801686034635527e-05,6.459220273039157744e-05
2.783917311178367981e+02,4.926827395658477685e-05,3.814907408835012994e-05,6.038750601455255510e-05
2.791773037444812076e+02,4.887296390051497678e-05,3.774490957032505383e-05,6.000105854116159353e-05
2.823174125861830248e+02,4.601041079319113177e-05,3.534573528011102263e-05,5.667497651244879006e-05
2.846732331149087258e+02,4.431635878546738734e-05,3.384172093071006457e-05,5.479097921412862831e-05
2.893859208017739775e+02,4.062856840415868595e-05,3.071791570773640766e-05,5.053922119159302135e-05
2.901724972456813134e+02,4.022377071164541404e-05,3.036166973228009440e-05,5.008592622525083346e-05
2.925270103916866447e+02,3.850458011953328534e-05,2.899653897118608650e-05,4.801271583823525950e-05
3.019511230552603251e+02,3.255039865585087591e-05,2.401269485499069126e-05,4.108806600416010154e-05
3.058787166585148043e+02,3.042997338492127966e-05,2.230619218683718388e-05,3.855380818839512194e-05
3.082340517286562545e+02,2.911334227716892923e-05,2.123394532796466199e-05,3.699272215005620571e-05
3.317934430121879359e+02,1.927325759544623157e-05,1.349399959199666195e-05,2.505247743125512064e-05
3.482845410520383780e+02,1.448804421893205655e-05,9.805780152186054378e-06,1.917026067623519664e-05
3.687029585043773636e+02,1.027933562065795151e-05,6.606174953102787919e-06,1.395247855796198365e-05
3.749861790285597181e+02,9.243172185757242453e-06,5.832743135046244141e-06,1.265360455807514292e-05
3.859806324751534703e+02,7.741643009346422261e-06,4.704530112496584484e-06,1.077874185476231379e-05
3.922626134372731599e+02,6.979588361951193094e-06,4.141128784772579023e-06,9.818058182713716096e-06
3.969736757316218814e+02,6.482923121788462020e-06,3.775996827369014947e-06,9.189853559338656986e-06
4.009010711964716052e+02,6.061197898570881026e-06,3.475520088710729713e-06,8.646875273944580378e-06
4.032564585080390316e+02,5.854819307474347861e-06,3.323443811628400635e-06,8.386168069129184768e-06
4.118952816788634550e+02,5.107774873547260627e-06,2.790048971155381681e-06,7.425475382734010959e-06
4.236748007767174613e+02,4.240207113176807479e-06,2.200771552297917050e-06,6.279630319958657869e-06
4.362395588864296201e+02,3.478900258125180603e-06,1.715667439138745357e-06,5.242133012668952811e-06
4.385952948794463282e+02,3.356014385221472558e-06,1.642641564809941963e-06,5.069382175932792006e-06
4.558732723917603948e+02,2.568090388434130531e-06,1.193308393152397457e-06,3.942866638354265894e-06
4.613696673364935918e+02,2.353598909511124210e-06,1.084500430228378322e-06,3.622692170119042255e-06
4.755058430085085774e+02,1.888725653026107679e-06,8.702163805009358843e-07,2.907229376267390653e-06
