# Pairwise surrogate for Cutting_lb0.845_N64_g3.94 geometry
# BubbleMaster scan uses lambda_bar=0.84; stored spectrum is already normalized
# Columns: kR_star, [H_star R_star Omega_vac]^-2 dOmega_gw/dlnk
1.660610256336944257e+00,9.019116279460921834e-04
1.743411736740171358e+00,1.013893104496019996e-03
1.830341871131174969e+00,1.136575923228959123e-03
1.921606522782780324e+00,1.269970435681433245e-03
2.017421819738665523e+00,1.414013488222293745e-03
2.118014666636174326e+00,1.568283272390898425e-03
2.223623282049687955e+00,1.732002463307901440e-03
2.334497762627049333e+00,1.903983976722594231e-03
2.450900675355007774e+00,2.082442294839556736e-03
2.573107679356244848e+00,2.265023975288256528e-03
2.701408178690498207e+00,2.448762357623394600e-03
2.836106007705697429e+00,2.629747995849887349e-03
2.977520150562147805e+00,2.804105416103690445e-03
3.125985496633673311e+00,2.966752871288954631e-03
3.281853633574630891e+00,3.113193491159449260e-03
3.445493679930910158e+00,3.237579571462127596e-03
3.617293159266630642e+00,3.335209824288993836e-03
3.797658917876621132e+00,3.401694800484467585e-03
3.987018088257960446e+00,3.433684966883078591e-03
4.185819100622188316e+00,3.429202147142663623e-03
4.394532744843652416e+00,3.389154716736882209e-03
4.613653285358780387e+00,3.316076090089269644e-03
4.843699631656552818e+00,3.214809955350269709e-03
5.085216567132081700e+00,3.092581056826574758e-03
5.338776039213363411e+00,2.956787272703312406e-03
5.604978513816438301e+00,2.816465040865330418e-03
5.884454397336526199e+00,2.679617131022133704e-03
6.177865529542542866e+00,2.552592324681283824e-03
6.485906750910503504e+00,2.439016001509959272e-03
6.809307548107379482e+00,2.338770568112383524e-03
7.148833781522237807e+00,2.250056589257880615e-03
7.505289498935642456e+00,2.170037398903597314e-03
7.879518839622418724e+00,2.095828894644583777e-03
8.272408033396901672e+00,2.025372353847178664e-03
8.684887499334772443e+00,1.957871228420041479e-03
9.117934049141517505e+00,1.893452100617946596e-03
9.572573200385397385e+00,1.831356140342968062e-03
1.004988160507307171e+01,1.769264669965264465e-03
1.055098959931899572e+01,1.704167781131856168e-03
1.107708388014668621e+01,1.635569338490126248e-03
1.162941031576082906e+01,1.565573577268600117e-03
1.220927689594542365e+01,1.496395694245205785e-03
1.281805682957488024e+01,1.428826192728891884e-03
1.345719179657351638e+01,1.363679341347264927e-03
1.412819536202443338e+01,1.302559118889297070e-03
1.483265656051307069e+01,1.246409962971197112e-03
1.557224365919345033e+01,1.192100341749756072e-03
1.634870810848887146e+01,1.134470634144490011e-03
1.716388868978263460e+01,1.074716994907132890e-03
1.801971586992131336e+01,1.018503368729551479e-03
1.891821637284261470e+01,9.689926099120455731e-04
1.986151797915409745e+01,9.225854839823906944e-04
2.085185456502881962e+01,8.748694570238061850e-04
2.189157139235091876e+01,8.243888952712451678e-04
2.298313066263872173e+01,7.750925932575035730e-04
2.412911734789810936e+01,7.315518394579316507e-04
2.533224531221424414e+01,6.948981024186150386e-04
2.659536373857873670e+01,6.577405041094721303e-04
2.792146387617165360e+01,6.191914296818514614e-04
2.931368612407710827e+01,5.800618120362506210e-04
3.077532746820755705e+01,5.428010587008890754e-04
3.230984928904872788e+01,5.096750608748348106e-04
3.392088555871486477e+01,4.790740047450706162e-04
3.561225144672620502e+01,4.531816328956006024e-04
3.738795235488836965e+01,4.261209449259161517e-04
3.925219340266974655e+01,4.043736966207253777e-04
4.120938938553944553e+01,3.837351576041590101e-04
4.326417522984857555e+01,3.615402958994655045e-04
4.542141696901391157e+01,3.433158484322703643e-04
4.768622326699664882e+01,3.247798958901207443e-04
5.006395751636588898e+01,3.077316229523279585e-04
5.256025053959665883e+01,2.912799821420240950e-04
5.518101392368122049e+01,2.736335982019049633e-04
5.793245401963160646e+01,2.598115603774802957e-04
6.082108664002664256e+01,2.461312762324364663e-04
6.385375248940900406e+01,2.311213863157125044e-04
6.703763336407436668e+01,2.192135437331630711e-04
7.038026915961522434e+01,2.055192270006046015e-04
7.388957572649661643e+01,1.935553691252801865e-04
7.757386361594760160e+01,1.817927598025689351e-04
8.144185776056235682e+01,1.703037073529730554e-04
8.550271813621660044e+01,1.590572574917088278e-04
8.976606145422998395e+01,1.482188513413624066e-04
9.424198393514545558e+01,1.381915433790585374e-04
9.894108521805593170e+01,1.283065036464463402e-04
1.038744934621001050e+02,1.191702704410239444e-04
1.090538916995707694e+02,1.105347506016608457e-04
1.144915455030442644e+02,1.018752753297022436e-04
1.202003320320502695e+02,9.401456246154292896e-05
1.261937705280689812e+02,8.642907585746162423e-05
1.324860543300721645e+02,7.913179599268334557e-05
1.390920844864260459e+02,7.247244264712836303e-05
1.460275050427531198e+02,6.609288437719016307e-05
1.533087400893205370e+02,6.017123018371645169e-05
1.609530326556875650e+02,5.468342394188457271e-05
1.689784855447222469e+02,4.890618396387496535e-05
1.774041042026859998e+02,4.429488564082226872e-05
1.862498417269098354e+02,4.030471108045519812e-05
1.955366461176481891e+02,3.570554657934757600e-05
2.052865098860062858e+02,3.193626620476598812e-05
2.155225221354235998e+02,2.841283613410962395e-05
2.262689232400483661e+02,2.504772351592147336e-05
2.375511622494881578e+02,2.208963061675768739e-05
2.493959571558816606e+02,1.921810150538556995e-05
2.618313581660131035e+02,1.688059247462127518e-05
2.748868141283027171e+02,1.466598834509277153e-05
2.885932422719887995e+02,1.274521431278423541e-05
3.029831014236473266e+02,1.098668113844111545e-05
3.180904688744410578e+02,9.523240284507255587e-06
3.339511210801302923e+02,8.164461638463141839e-06
3.506026183849511995e+02,6.963256850394375006e-06
3.680843939700051806e+02,5.931156101925913696e-06
3.864378472368007351e+02,5.007266540958381853e-06
4.057064418470891951e+02,4.259031786156071864e-06
4.259358086511734882e+02,3.604445762479739495e-06
4.471738537484376366e+02,3.043590128711084735e-06
4.694708719359934435e+02,2.553126209407678921e-06
4.928796658141201306e+02,2.137247547182426597e-06
5.174556708305415214e+02,1.783547942838254727e-06
5.432570865596755993e+02,1.490475977996640943e-06
5.703450145277411139e+02,1.230750044878720007e-06
5.987836029101048325e+02,1.000567327557104115e-06
6.286401984435449322e+02,8.240207180170048748e-07
6.599855059131762118e+02,6.703686621523899130e-07
6.928937555917179907e+02,5.410524344128469613e-07
7.274428790276423342e+02,4.338103239123491916e-07
7.637146935984741276e+02,3.454002456420750065e-07
8.017950962663107930e+02,2.721649400246885186e-07
