# envelope approximation (kR_*, P_GW), extracted from the vector paths of a plot of its spectrum
# kR_*, [H_*R_*Omega_vac]^-2 dOmega_GW/dlnk
1.000000000000000000e+00,7.428005298566663583e-05
1.212500679499876499e+00,1.275623123622446407e-04
1.414580254874108212e+00,1.942627584396929442e-04
1.618844033243566294e+00,2.773799356743178804e-04
1.817248177347372762e+00,3.721752089377308118e-04
2.001037594470280734e+00,4.708298619957196232e-04
2.203414540844582437e+00,5.892697663420016965e-04
2.426259322966246135e+00,7.282102115626754415e-04
2.620656133619406525e+00,8.535188400226592295e-04
2.830628410437461273e+00,9.897246491375689872e-04
3.057424091313211800e+00,1.133984687544840496e-03
3.239367609843786688e+00,1.244999679863465544e-03
3.432139040864491619e+00,1.355973631678537936e-03
3.636381381649091082e+00,1.464314010684444195e-03
3.852778693441484048e+00,1.567198420476265466e-03
4.100000276230587382e+00,1.668505388253283071e-03
4.324971536379763393e+00,1.745245313106811831e-03
4.600000194923955732e+00,1.819510876815436324e-03
4.900000207284798570e+00,1.877739550066325836e-03
5.199999722407724789e+00,1.915083337226749496e-03
5.499999636229235378e+00,1.934983037101786199e-03
5.886734593513674341e+00,1.940500140208174448e-03
6.299999707302826657e+00,1.928288615915851748e-03
6.800000446368104079e+00,1.897482140994466568e-03
7.418104072804417193e+00,1.845973343299469466e-03
8.168342285004962733e+00,1.774719320673874947e-03
9.169446441912601387e+00,1.676188127423014745e-03
1.029324495931705563e+01,1.568966740732740967e-03
1.177957664752131706e+01,1.438839378311666199e-03
1.374280045309996368e+01,1.289914229607882048e-03
1.603322490440102044e+01,1.145980008866651339e-03
1.906930208703034424e+01,9.943207978982844791e-04
2.312154288199939600e+01,8.417072327483323497e-04
2.913635305889103932e+01,6.825094854048174495e-04
3.815838093745348658e+01,5.290956601123702986e-04
5.294797139340414560e+01,3.845228970111338714e-04
8.247417650435509984e+01,2.471111281772248014e-04
1.000000000000000000e+02,2.034758839122068281e-04
